SNP	N	BETA	SE
rs111073422	24743	0.02284	0.03795
rs10414006	25000	-0.02791	0.01429
rs188970225	24974	0.04616	0.03996
rs814535	24924	-0.02681	0.01419
rs73048187	25000	0.01199	0.01628
rs73048188	24985	0.01119	0.01631
rs62107049	25000	0.017	0.01095
rs2445884	24977	0.00779	0.009691
rs814536	24943	-0.02507	0.01415
rs17656487	24874	-0.01648	0.01019
rs814537	25000	0.007793	0.009687
rs864602	24954	0.007832	0.009702
rs9749219	24941	-0.02499	0.01415
rs1675396	24914	-0.0243	0.009312
rs117431797	24871	0.0009459	0.02877
rs17656504	24936	0.01815	0.01094
rs814524	24924	-0.02527	0.01416
rs814525	24837	0.005281	0.009602
rs814526	24782	-0.02248	0.009434
rs113849503	24789	-0.02413	0.01428
rs148908164	24844	0.0166	0.01098
rs814521	24895	-0.02485	0.0142
rs814522	24845	0.005922	0.009594
rs814523	24897	-0.025	0.01419
rs150437622	24909	-0.02449	0.0271
rs62107050	24769	0.01683	0.0111
rs73048198	24862	0.01958	0.01612
rs814527	24925	-0.02539	0.0162
rs814528	24814	-0.003221	0.01198
rs860939	24809	-0.003311	0.01202
rs814529	24808	-0.003059	0.01202
rs112195042	24972	0.04959	0.02913
rs814533	24933	-0.00896	0.01436
rs79238594	24969	0.04939	0.02917
rs201830721	24861	-0.0069	0.01448
rs61631675	24946	-0.02629	0.01617
rs113743758	24974	0.0497	0.02913
rs74259519	24955	-0.03063	0.0164
rs1675398	25000	-0.008479	0.01428
rs76311470	24975	0.04876	0.02913
rs814539	24859	-0.01	0.01447
rs814540	24870	-0.0266	0.01621
rs148009574	25000	-0.1322	0.04383
rs115745829	25000	0.01795	0.03654
rs553787777	24947	0.009633	0.04043
rs56266631	24850	0.02201	0.01119
rs12985180	25000	-0.03032	0.01683
rs574262519	24854	0.02317	0.03986
rs67153243	24956	-0.02803	0.01699
rs62107056	24962	0.02118	0.01166
rs1461008	24928	0.009541	0.009053
rs112098210	24942	0.03671	0.03774
rs62107057	25000	0.01889	0.01174
rs1461009	24935	-0.002228	0.009906
rs62107058	24993	0.01937	0.01174
rs61487057	24933	0.02067	0.03835
rs138523829	24972	0.03106	0.04193
rs111741904	24767	0.01085	0.009084
rs112093859	24944	0.03669	0.03769
rs814502	24877	0.005639	0.01126
rs55952814	24901	0.02117	0.01169
rs814501	25000	0.01098	0.00904
rs58887090	24823	0.02052	0.01172
rs79841705	24867	0.03033	0.02646
rs62107860	24812	0.02052	0.01173
rs73050124	24810	0.01986	0.01178
rs112445877	24914	0.0215	0.04077
rs56208840	24867	0.00998	0.0187
rs73050133	24782	0.02028	0.01159
rs1165860	24779	-0.008472	0.009088
rs814514	24797	-0.008231	0.009085
rs814515	24797	-0.008109	0.009085
rs9710499	24801	-0.007977	0.009085
rs2445882	24814	-0.008245	0.009082
rs2369005	24827	-0.008363	0.009081
rs71358913	24828	-0.008283	0.009081
rs62107864	24837	0.01696	0.01224
rs77224522	24847	-0.008233	0.009075
rs1184511	24811	-0.001253	0.009441
rs1165864	24965	-0.009839	0.009052
rs1973098	24892	0.01782	0.01222
rs112785067	24807	-0.0421	0.04021
rs62107865	24895	0.01782	0.01222
rs843777	25000	-0.009653	0.009049
rs814509	24996	-0.009376	0.009048
rs814508	24992	-0.00898	0.009049
rs12610642	24896	0.01785	0.01222
rs865255	24896	-0.001364	0.009448
rs4332846	24896	-0.001586	0.009448
rs898651	24994	-0.009115	0.009048
rs814507	24993	-0.009038	0.009048
rs2242131	24896	0.01785	0.01222
rs814506	24961	-0.009476	0.009054
rs814505	24961	-0.009537	0.009054
rs814504	24962	-0.00954	0.009054
rs527390175	24922	-0.009352	0.009062
rs864580	24955	-0.009443	0.009054
rs1675401	24954	-0.009397	0.009054
rs1675400	24950	-0.00938	0.009055
rs7255817	24934	-0.008948	0.009057
rs7259210	24860	-0.002952	0.00945
rs2607353	24928	-0.008991	0.009059
rs8107961	24940	-0.009109	0.009057
rs62107867	24908	0.01921	0.01222
rs6508942	24876	-0.002475	0.00945
rs6508943	24927	-0.008871	0.009059
rs62107868	24917	0.01852	0.01222
rs10409960	24928	-0.009076	0.009059
rs57670688	24925	0.01859	0.01221
rs62107869	24919	0.01868	0.01221
rs111323253	24926	0.0179	0.01221
rs1165835	24851	-0.002136	0.009456
rs117401695	24834	0.02746	0.02983
rs62107870	24944	0.01826	0.0122
rs146837860	24802	0.04984	0.03878
rs118048177	25000	0.01295	0.03316
rs1165836	24958	-0.001783	0.009425
rs1165837	24963	-0.00176	0.009425
rs1165838	24984	-0.001985	0.00942
rs1165839	24983	-0.002095	0.00942
rs1165840	25000	-0.0009418	0.009418
rs8101070	24800	-0.009566	0.009078
rs1165842	24858	0.05867	0.03143
rs111613270	24768	0.007818	0.04184
rs3217684	24960	-0.007113	0.01002
rs814518	25000	-0.002379	0.009807
rs814519	24969	-0.002608	0.009814
rs147897354	24972	0.03862	0.03157
rs61457016	24982	0.04149	0.0316
rs78324594	25000	-0.01445	0.02354
rs450819	25000	0.02239	0.01268
rs11555272	24891	0.04416	0.02441
rs112869246	24979	0.04245	0.03179
rs116881479	24981	0.0394	0.03192
rs11672651	25000	-0.007166	0.01687
rs890935	25000	0.02917	0.03535
rs117101524	24982	0.04661	0.03186
rs117075711	24978	0.04744	0.03184
rs78614258	24943	-0.06027	0.03516
rs73051885	24923	-0.006685	0.01595
rs404584	24926	-0.01085	0.009062
rs7251057	24746	-0.009685	0.01134
rs406133	24952	-0.006957	0.009072
rs10402698	24946	-0.008175	0.01122
rs117078962	24986	0.05372	0.03152
rs415075	24960	-0.007149	0.009066
rs55658896	24988	-0.004996	0.016
rs55736297	25000	0.004486	0.01455
rs45616834	24912	0.01043	0.03434
rs12977500	25000	-0.01187	0.01226
rs393569	25000	-0.01078	0.009041
rs420720	24975	-0.01091	0.009045
rs392726	24978	-0.01084	0.009045
rs396118	25000	-0.01077	0.009039
rs8106578	24969	-0.006106	0.01595
rs7171	24978	-0.01174	0.009041
rs117455613	24985	0.05316	0.03178
rs7253575	24957	-0.005946	0.01594
rs11673027	24950	-0.006848	0.01594
rs73035918	24953	-0.006221	0.01596
rs56013937	24933	-0.01221	0.01597
rs71358922	24924	0.03698	0.02779
rs112009052	24921	0.05253	0.04066
rs11083560	24776	-0.006376	0.01032
rs35669602	24949	-0.005274	0.01623
rs117611016	24979	0.04553	0.03154
rs12610597	24934	-0.008374	0.01528
rs12985851	24951	0.01991	0.0289
rs62107907	24877	-0.005511	0.01039
rs73047963	24889	-0.002117	0.01219
rs1864078	24884	-0.006274	0.009332
rs1864077	25000	-0.007636	0.01624
rs1864074	24895	-0.006473	0.009329
rs55815263	24918	-0.004861	0.01214
rs184662521	24976	0.04406	0.0315
rs79102501	24914	-0.01466	0.01215
rs10410606	24919	-0.004165	0.009117
rs117570227	25000	0.01106	0.02864
rs3786527	25000	-0.004135	0.01209
rs2303729	25000	-0.004306	0.009105
rs118158487	24988	0.04784	0.03145
rs75217335	25000	0.01979	0.01667
rs55740667	24970	-0.002575	0.01201
rs73047967	24980	-0.003655	0.01209
rs190003323	24941	-0.0346	0.04079
rs2303728	24957	0.002699	0.01142
rs11667119	24988	-0.006189	0.01592
rs4802079	24963	-0.004511	0.012
rs117605921	24984	0.04679	0.03146
rs2604902	24958	-0.008254	0.009229
rs55856492	24988	-0.006045	0.01592
rs2303727	24948	-0.007857	0.009235
rs2246761	24965	-0.004866	0.01209
rs1869712	24963	-0.009049	0.009245
rs919307	24962	-0.009143	0.009245
rs1318544	24960	-0.008937	0.009245
rs33937741	24772	-0.00729	0.02094
rs10405930	24945	-0.008748	0.009249
rs34093919	25000	0.05521	0.0414
rs2278246	24993	-0.006202	0.009228
rs41470347	25000	0.01346	0.01541
rs1131620	25000	-0.005884	0.009219
rs1051303	25000	-0.005655	0.009219
rs4803348	25000	-0.006354	0.00942
rs12611045	24965	-0.00955	0.01008
rs2077407	24995	-0.006122	0.01593
rs2369006	24980	-0.005007	0.009828
rs116906234	24906	-0.03245	0.03199
rs4435368	24989	-0.004347	0.01574
rs4624303	24989	-0.004072	0.01574
rs3815913	24980	0.04704	0.03141
rs144879806	24978	0.04934	0.0315
rs574467412	24766	-0.0506	0.04556
rs55760745	24947	-0.004487	0.009229
rs10403833	24950	-0.00611	0.00924
rs10403467	24961	-0.004459	0.00922
rs12974270	24933	-0.01824	0.01448
rs10403963	24961	-0.004202	0.00922
rs141724981	24830	0.006185	0.01986
rs117842713	24969	0.04844	0.03145
rs113473882	24901	0.03604	0.04652
rs200001925	24983	0.0516	0.03153
rs57824425	24932	-0.01815	0.0145
rs28655571	24981	-0.005487	0.009232
rs56353506	24932	-0.01053	0.009363
rs7259067	24984	-0.005429	0.009229
rs7259237	24991	-0.00599	0.009243
rs7259554	25000	-0.006157	0.009241
rs78148277	24779	0.001098	0.02818
rs28649715	24901	-0.004369	0.009849
rs28571670	24877	-0.00549	0.009251
rs62107911	24829	0.002164	0.01002
rs12980111	24861	-0.005508	0.009255
rs113892385	24809	-0.001836	0.01207
rs62107913	24889	0.00101	0.01204
rs34506723	24929	0.02564	0.02916
rs8107014	24849	-0.004597	0.009247
rs11667706	24846	-0.004411	0.009246
rs11667772	24759	-0.004586	0.009279
rs12979249	25000	-0.00141	0.01375
rs10880	25000	-0.009012	0.009565
rs35079932	25000	0.001494	0.01907
rs3786529	24892	-0.003489	0.009329
rs7367	25000	-0.002983	0.009298
rs11424156	24978	-0.003421	0.009302
rs112034877	24967	0.05156	0.03169
rs115560907	24951	0.04816	0.03156
rs12610819	24988	-0.003886	0.009297
rs55652103	24920	-0.01855	0.01711
rs116956820	24970	0.05207	0.0317
rs118004028	24970	0.05207	0.0317
rs2278242	24988	-0.00375	0.009296
rs2278243	24915	0.006468	0.01199
rs41512448	24845	0.006722	0.01202
rs11668042	24917	-0.01735	0.01712
rs11671971	24898	-0.00415	0.009325
rs2162857	24892	-0.004868	0.009332
rs145185707	24899	-0.0158	0.01713
rs7258772	24864	-0.01847	0.01718
rs79198934	24767	-0.02193	0.01753
rs140830128	24907	0.05552	0.03216
rs56140728	24757	-0.0192	0.01763
rs117874640	24895	0.06241	0.0323
rs150637298	24891	0.06153	0.0323
rs28406786	24849	0.04928	0.03025
rs62107918	25000	-0.001464	0.01105
rs112817437	24920	-0.002049	0.01109
rs58164846	24916	-0.002131	0.01109
rs118012112	24891	0.0613	0.03234
rs62108966	24912	-0.001278	0.01113
rs77469549	25000	-0.01463	0.01912
rs150584557	24869	0.02593	0.04194
rs9917090	25000	-0.02185	0.009876
rs34689418	24885	-5.579e-05	0.01372
rs35735265	24920	0.000602	0.01371
rs35687546	24904	0.0002677	0.01371
rs34547501	25000	0.0002794	0.01367
rs10409296	24756	0.004473	0.009067
rs10411059	24762	0.004315	0.009062
rs2561563	25000	0.01947	0.01436
rs2561562	25000	0.005018	0.009019
rs35625703	24990	0.0007739	0.01366
rs34433534	24987	0.0005559	0.01366
rs112395012	24916	-0.02383	0.01585
rs149887334	24835	0.001499	0.02708
rs2604861	24931	0.005549	0.009353
rs10425069	24881	0.003805	0.01277
rs118060349	24793	0.005518	0.02761
rs112100329	24828	0.001155	0.01276
rs34652347	24892	-0.0007317	0.01374
rs76958745	25000	0.02852	0.03056
rs117549193	24751	0.03939	0.03043
rs7247247	24888	2.85e-05	0.01375
rs2561559	24940	-0.01708	0.02042
rs10410503	24999	0.002514	0.0127
rs145826240	24859	-0.01878	0.04261
rs12982615	24889	-0.0004527	0.01375
rs111410535	24999	0.002514	0.0127
rs73546845	24999	0.002514	0.0127
rs112132214	24998	0.002419	0.0127
rs113553619	24998	0.002419	0.0127
rs112016728	24999	0.002514	0.0127
rs4803352	25000	0.002623	0.0127
rs534220827	24984	0.002346	0.0127
rs3885838	24999	0.002514	0.0127
rs74534853	24936	-0.01628	0.02043
rs78900506	24891	0.001673	0.0128
rs78084428	24874	0.001927	0.01282
rs147320693	24926	0.07731	0.03258
rs78915350	24959	0.005165	0.01273
rs80003555	24982	0.002922	0.01271
rs183937945	24779	0.006199	0.04188
rs10406417	24995	0.002777	0.0127
rs10407650	24990	0.002753	0.0127
rs12459415	24883	0.0004493	0.01371
rs10407889	24965	0.003206	0.01272
rs10408065	24961	0.003336	0.01272
rs10408309	24864	0.0007726	0.0128
rs10408310	24872	0.0008203	0.0128
rs146588565	24931	0.07719	0.03264
rs117576822	24930	0.07463	0.03263
rs11881578	24880	0.0006141	0.01374
rs60950473	24937	-0.01068	0.02034
rs4803354	24814	0.01148	0.01381
rs73546860	24845	-0.00293	0.0114
rs34605579	24879	0.000209	0.01374
rs2604905	24936	-0.01243	0.02055
rs2561556	24875	-0.004297	0.01172
rs2604906	24828	-0.006169	0.02067
rs79645969	24886	0.0492	0.02496
rs2604859	24935	-0.008685	0.02026
rs2561554	24867	-0.002543	0.01168
rs2561553	24876	-0.001392	0.01168
rs140134034	24954	-0.05284	0.03648
rs140578100	24881	0.05064	0.02479
rs2561551	24764	0.004146	0.009335
rs13343945	24900	0.002475	0.01376
rs111769937	24927	0.04546	0.0196
rs12975396	24911	0.0004147	0.0138
rs770104860	24830	0.0501	0.02528
rs35172225	24869	0.00432	0.0137
rs78091695	24893	0.05249	0.0249
rs111913817	24879	-0.03585	0.03543
rs2561549	24767	0.01186	0.009174
rs2604900	24844	0.004498	0.009314
rs2561548	24842	0.004418	0.009314
rs117223428	24885	-0.03335	0.03473
rs10404911	24924	0.002024	0.01334
rs11083565	24797	-0.01431	0.01007
rs59459325	24925	0.002889	0.01335
rs2250994	24849	0.004865	0.009319
rs76538711	24896	0.05091	0.02492
rs2604892	24828	0.01167	0.00916
rs17630360	24899	0.04958	0.02489
rs117864505	25000	-0.03572	0.03371
rs117364042	24997	-0.05342	0.03528
rs73931345	24907	0.002459	0.01337
rs2561547	24904	0.003999	0.009296
rs117680497	24891	0.0484	0.02489
rs7255985	24793	0.002621	0.01034
rs8109754	24896	0.002044	0.0103
rs10426415	24931	0.001252	0.01335
rs117836726	24895	0.04872	0.02489
rs58429803	24946	0.001336	0.01378
rs4802082	24936	0.008581	0.03813
rs754564446	24901	0.002084	0.01374
rs2561546	24938	0.004693	0.009291
rs12609191	24842	-0.01385	0.01006
rs8110611	24953	0.004798	0.009289
rs139455857	24910	0.05258	0.02483
rs7508466	24947	0.003558	0.01373
rs2561545	25000	-0.007208	0.02008
rs144933018	24993	-0.03961	0.03394
rs117496911	24908	0.0515	0.02485
rs2561544	25000	-0.007446	0.02007
rs2561543	24983	0.003778	0.009284
rs10403730	24871	-0.01106	0.009039
rs10403732	24830	-0.01054	0.009046
rs117956764	25000	0.001427	0.04186
rs8104739	24951	0.001925	0.01378
rs34155014	24862	-0.01453	0.01006
rs113228202	24926	-0.008898	0.04508
rs2561542	25000	0.004277	0.009281
rs73546894	24954	0.0008745	0.01333
rs2561541	24940	-0.0001788	0.01179
rs2561540	24989	-0.007374	0.02013
rs8109253	24857	-0.01412	0.01006
rs11368922	24783	-0.01366	0.01008
rs2561539	24978	0.004041	0.009279
rs8112554	24850	-0.01397	0.01006
rs12984927	24968	0.001012	0.01376
rs3815912	24945	0.0007862	0.01334
rs45545932	24876	0.01427	0.01212
rs80115827	24918	0.05242	0.02496
rs117110592	24925	0.05419	0.02493
rs45503691	25000	0.003541	0.04092
rs2604878	24921	-0.002861	0.01166
rs150028623	24981	-0.04137	0.03399
rs10401344	25000	0.0008399	0.0103
rs2604879	24864	0.003935	0.01152
rs146827664	24921	0.05581	0.0249
rs148245245	24743	-0.02795	0.02459
rs2241596	24888	-0.005666	0.02034
rs117003019	24889	-0.02891	0.0245
rs2604880	25000	0.0005732	0.009721
rs79616991	24948	0.07528	0.03234
rs116967984	24818	-0.04847	0.03794
rs68191109	25000	0.01915	0.009114
rs4802083	24942	0.0591	0.02484
rs8105009	24838	0.00311	0.01378
rs142211796	24954	-0.05339	0.036
rs6508944	24768	-0.01802	0.009281
rs142197669	24958	0.05963	0.02477
rs56056214	24879	-0.06943	0.04213
rs36012476	25000	0.02076	0.02051
rs2246095	24896	0.008032	0.009049
rs2604885	25000	-0.018	0.009244
rs4803356	24863	0.008928	0.01759
rs2604886	24787	-0.01158	0.01469
rs151200403	24891	0.05795	0.02454
rs2288451	24784	0.00856	0.009065
rs118062833	24958	0.04847	0.0243
rs2288450	25000	-0.007519	0.01335
rs116796128	24957	0.05001	0.02427
rs4803357	24964	0.04873	0.02429
rs117969352	24975	0.04797	0.02427
rs3865452	25000	-0.01543	0.008978
rs79156288	24987	0.05343	0.02418
rs11672197	24900	-0.01454	0.009059
rs2115239	24981	0.008275	0.009029
rs2604888	24854	-0.01317	0.009074
rs79570825	24987	0.05312	0.02417
rs74504178	24987	0.05312	0.02417
rs138368438	24988	0.0516	0.0242
rs143923374	24808	-0.1158	0.04569
rs74746550	24922	-0.00183	0.02123
rs75025421	24987	0.0516	0.0242
rs117406781	24988	0.0516	0.0242
rs4803359	24991	0.05223	0.02419
rs143592826	24996	0.05142	0.02418
rs7250888	24938	0.001215	0.02115
rs11671127	24761	-0.007234	0.01194
rs117822166	24991	0.05129	0.02418
rs139920748	24793	0.01891	0.03449
rs34633896	24942	0.000643	0.02093
rs4802084	25000	0.05128	0.02418
rs11538384	25000	0.05275	0.02412
rs142582752	25000	0.05128	0.02418
rs11673492	24758	-0.007097	0.01195
rs113701217	24870	0.03562	0.02024
rs4802085	24776	0.007459	0.009071
rs2561531	24975	0.0009326	0.02111
rs75897642	24925	-0.01643	0.02289
rs28493229	24875	-0.008063	0.01343
rs1531063	25000	-0.005069	0.0208
rs151035706	24969	0.04732	0.02418
rs2561529	24976	-0.006974	0.02088
rs148190307	24894	-0.005542	0.04203
rs7251246	24828	0.006534	0.00904
rs76870783	24972	0.03497	0.02689
rs140989296	24962	0.035	0.02688
rs12983335	24989	-0.003328	0.01187
rs139383406	24972	0.03497	0.02689
rs890934	24779	0.01043	0.009428
rs11668501	25000	-0.002787	0.01186
rs12984298	24997	-0.003526	0.01187
rs10425765	24849	0.006468	0.009038
rs6508945	24875	-0.0106	0.01041
rs7260405	24855	0.006106	0.009038
rs4802086	24863	-0.01101	0.009014
rs4802087	24862	-0.01101	0.009014
rs143697240	24898	0.0009741	0.04196
rs2303723	24953	-0.002065	0.02087
rs7253502	24974	-0.003073	0.01188
rs7253804	24969	-0.003446	0.01189
rs118114394	24979	0.03901	0.02686
rs12976551	24916	0.005565	0.009022
rs55682401	24820	0.006067	0.009045
rs7248570	24916	0.005646	0.009022
rs76209839	24983	0.03795	0.02684
rs746158428	24895	0.006154	0.03876
rs10420651	24961	-0.00109	0.02084
rs10420685	24961	-0.00109	0.02084
rs112628847	25000	-0.006805	0.019
rs1965715	24981	-0.01027	0.01038
rs118157868	24949	0.05716	0.04182
rs113434779	24835	0.0134	0.03332
rs2561536	25000	-0.01102	0.01039
rs780206390	24913	0.001168	0.02132
rs4420642	24949	-0.003556	0.01188
rs142171259	24983	0.03846	0.02686
rs146371606	24965	0.001795	0.02104
rs117529756	24984	0.03827	0.02689
rs117825933	24984	0.03936	0.02691
rs7248468	24893	0.004696	0.009014
rs79361456	24963	-0.001142	0.02084
rs4803360	24846	0.004244	0.009022
rs4803361	24870	-0.0152	0.009978
rs3842411	24896	-0.005356	0.02134
rs3745210	24868	-0.01091	0.009843
rs3745211	24860	-0.01039	0.009006
rs3745212	24951	-0.001335	0.02085
rs2607420	24850	-0.01609	0.009976
rs11083566	24847	0.005584	0.009023
rs117032961	24997	0.0373	0.02685
rs2290693	24830	0.005284	0.009025
rs139556022	24999	0.03762	0.02684
rs117499206	25000	0.03667	0.02681
rs62621363	25000	0.03899	0.02684
rs11548478	24805	0.005085	0.009031
rs3745213	25000	-0.009807	0.0132
rs66599479	24838	0.00679	0.01339
rs142449067	24983	0.03806	0.02693
rs145469712	24954	0.0361	0.02665
rs34696457	25000	0.01858	0.02305
rs2369302	24746	-0.01546	0.00959
rs4803362	24980	0.03827	0.02667
rs66865752	24796	0.0107	0.0134
rs140950681	24876	0.005213	0.02164
rs7254893	24814	-0.01711	0.01003
rs7255821	24794	-0.01464	0.009611
rs117354824	25000	0.03683	0.02659
rs151246387	24998	0.03794	0.02661
rs76177309	25000	0.06818	0.02882
rs2254343	25000	-0.01974	0.01002
rs2254338	25000	0.0006444	0.02102
rs4802088	25000	0.03715	0.02655
rs2254326	25000	-0.0007779	0.02103
rs1870087	24814	-0.005216	0.00903
rs1869710	25000	-0.00298	0.02111
rs117375307	25000	0.03863	0.02659
rs147143546	24733	0.006689	0.04171
rs1455434	25000	-0.0005785	0.02117
rs2607418	25000	-0.002399	0.02098
rs2604874	24771	-0.01922	0.01007
rs66743282	24771	0.01035	0.01343
rs112046926	24988	0.03932	0.02667
rs79570674	25000	0.04102	0.02659
rs80208490	25000	0.06692	0.02958
rs2607416	24928	0.01748	0.01758
rs780206948	24909	-0.01465	0.02154
rs2230694	24953	0.01504	0.01754
rs567963999	24999	0.06774	0.02959
rs143527512	24962	-0.01538	0.02145
rs11665867	24793	0.008444	0.01248
rs144761778	24999	0.06774	0.02959
rs116980959	25000	-0.04595	0.03663
rs2607413	24965	-0.01748	0.02131
rs2607412	24962	0.01353	0.01759
rs2607411	24966	-0.01956	0.02134
rs4803365	25000	0.06911	0.02953
rs2249854	24964	0.01323	0.01759
rs17713068	25000	-0.01567	0.01267
rs10412175	25000	0.05468	0.04404
rs13108	24961	0.01386	0.01759
rs112889062	25000	0.07255	0.0295
rs144374087	25000	0.06846	0.02958
rs56101381	24990	-0.01049	0.01233
rs200795716	25000	0.06846	0.02958
rs536926374	25000	0.06846	0.02958
rs144243973	25000	0.06846	0.02958
rs142896709	24883	-0.0112	0.04433
rs147404302	24944	-0.0474	0.03511
rs2607426	24962	0.01255	0.01759
rs2607425	24962	0.01255	0.01759
rs2604877	24962	0.01255	0.01759
rs117025790	25000	-0.04375	0.02689
rs2607423	24967	0.01254	0.01757
rs191883259	24985	0.0692	0.02956
rs10404944	24996	0.05445	0.04396
rs2604876	24964	-0.01784	0.02128
rs116972110	25000	0.06846	0.02958
rs11672227	24783	0.009001	0.01249
rs2607422	24965	0.01275	0.01756
rs2607421	24970	0.01063	0.01759
rs10425480	24989	0.05375	0.04346
rs146641468	25000	0.06846	0.02958
rs113322546	24812	0.00964	0.01245
rs141788519	25000	0.06846	0.02958
rs2607419	24995	0.009877	0.01757
rs146221490	25000	0.06846	0.02958
rs2233149	25000	0.06846	0.02958
rs112937354	25000	0.03151	0.02145
rs2233152	25000	-0.01448	0.01268
rs2233153	25000	-0.01636	0.02135
rs2233154	24999	0.01007	0.01756
rs2233156	24999	-0.01632	0.02137
rs8107978	24990	0.0106	0.01756
rs117248593	25000	0.0657	0.02949
rs8109099	24999	-0.02064	0.02125
rs2233159	24998	0.01091	0.01755
rs79016062	25000	0.06846	0.02958
rs2604869	24782	-0.008497	0.01028
rs2257613	24999	-0.02064	0.02125
rs141715458	25000	0.06846	0.02958
rs2279699	24997	0.01003	0.01756
rs146247868	25000	0.06846	0.02958
rs2262082	24996	0.01086	0.01755
rs3875144	24966	-0.01079	0.01234
rs3875145	24813	-0.002872	0.009584
rs4803367	25000	0.06846	0.02958
rs2287691	24961	-0.01035	0.01234
rs2644917	24996	-0.01989	0.02125
rs562634177	24852	0.0502	0.03061
rs113692005	24836	-0.004188	0.03204
rs77510272	24877	-0.002283	0.02362
rs538174066	24967	0.0739	0.02961
rs142449117	24992	0.07263	0.02961
rs17726258	25000	-0.015	0.02137
rs2545774	24939	-0.009146	0.01025
rs2545777	24997	-0.01991	0.02125
rs2545778	24997	-0.01991	0.02125
rs12973666	25000	-0.008762	0.009025
rs2287692	24973	-0.01579	0.01269
rs144671269	24757	-0.01139	0.009158
rs56891752	24990	-0.01993	0.02127
rs17726276	24888	-0.008931	0.009043
rs10405633	24938	-0.01148	0.01236
rs74628863	24984	-0.0166	0.02134
rs2604895	24843	-0.008442	0.01027
rs2545755	24845	-0.009039	0.0103
rs2604893	24907	-0.009516	0.01029
rs113557544	24978	0.06592	0.02898
rs34842744	24932	0.01495	0.01072
rs62108988	24924	-0.03713	0.04087
rs7245595	24918	0.0005253	0.009482
rs10403040	24963	-0.008262	0.01226
rs2604911	24949	0.00591	0.01115
rs149054197	24816	-0.03554	0.02027
rs113336186	24980	0.07038	0.02905
rs73047068	24966	0.01402	0.01236
rs10411008	25000	-0.00932	0.01223
rs2604910	24957	0.006189	0.01115
rs2545757	24905	-0.01079	0.01029
rs2545758	24898	-0.01053	0.01029
rs2604909	24961	0.006173	0.01115
rs79183029	25000	0.00989	0.02538
rs12151282	24981	0.001587	0.009468
rs2644898	25000	-0.009205	0.01026
rs73047073	25000	0.01272	0.01237
rs758361263	24976	0.001621	0.00947
rs111684981	25000	0.07106	0.02898
rs2545760	24987	-0.01716	0.02131
rs35858034	24987	0.001939	0.009465
rs149755483	25000	0.07044	0.02902
rs28660501	24994	-0.009019	0.01224
rs767044178	24966	0.001943	0.009471
rs78469339	24865	-0.006236	0.01351
rs60533951	24987	-0.01716	0.02131
rs7249450	24987	-0.009491	0.01027
rs7251781	24999	0.07016	0.02899
rs7252227	25000	-0.01257	0.009111
rs10413760	24983	-0.01044	0.01228
rs4803368	24986	-0.009864	0.01028
rs149397079	24999	0.06953	0.02903
rs117947334	25000	0.06948	0.02903
rs45600135	24999	0.0695	0.02903
rs34205730	25000	0.002246	0.009475
rs7937	25000	-0.005143	0.009061
rs11374098	24983	0.07008	0.02905
rs2644899	24882	-0.0008277	0.01002
rs2644900	24993	-0.01282	0.009112
rs116842098	24842	0.002638	0.02726
rs148832191	24953	-0.02396	0.02136
rs376020782	24905	-0.009491	0.0123
rs192477377	24953	-0.02396	0.02136
rs34406232	25000	0.06361	0.02858
rs2545761	24964	-0.02276	0.02137
rs11547373	24810	-2.761e-05	0.00941
rs61750953	25000	-0.03739	0.03711
rs2545763	24977	-0.02349	0.0214
rs3776611	24896	-0.0006798	0.009363
rs73047085	24952	0.01387	0.01234
rs76403165	24954	0.01425	0.01234
rs117391664	25000	0.08186	0.03101
rs2644916	24915	-0.008753	0.01045
rs11666504	24957	0.01407	0.01234
rs118038652	25000	-0.0225	0.02197
rs117851058	25000	0.0856	0.03087
rs202019459	24983	-0.007766	0.01043
rs146599486	24796	0.03854	0.04227
rs3733829	25000	-0.0004986	0.009347
rs3733828	25000	-0.01163	0.009839
rs117821847	25000	0.08186	0.03101
rs117139969	25000	0.08124	0.03097
rs10416308	24935	-0.008428	0.01248
rs76443752	24941	0.0132	0.01234
rs3736329	25000	0.0002927	0.009342
rs144553930	25000	0.08279	0.03102
rs761746320	24911	0.0881	0.03253
rs10405596	24902	-0.007625	0.01252
rs4802090	24992	0.0006422	0.009339
rs4802091	25000	-0.0001863	0.009342
rs149812270	25000	0.08279	0.03102
rs73047100	24882	0.01259	0.01236
rs4803369	24969	6.487e-05	0.009346
rs141353121	24973	-0.02302	0.0221
rs11668644	24815	-0.007623	0.01049
rs35061187	24835	0.001613	0.009427
rs4803370	24885	0.1037	0.03196
rs2644915	25000	-0.02528	0.02138
rs2604866	24998	-0.0246	0.02138
rs140817220	24880	0.09805	0.03186
rs147893869	24872	0.1019	0.03204
rs2545766	24964	-0.02553	0.02153
rs2644888	24960	-0.02573	0.02156
rs140878064	24776	0.09736	0.03255
rs2604868	24995	-0.0261	0.02137
rs2545771	25000	-0.0264	0.02135
rs2545772	25000	-0.02744	0.02133
rs8100454	24901	0.02265	0.02438
rs34842714	25000	-0.003816	0.009933
rs11879672	25000	0.02831	0.02359
rs28483485	24989	0.02806	0.02367
rs57721385	24825	-0.03541	0.01827
rs111689747	24867	-0.01012	0.04445
rs2644890	24791	0.006357	0.01787
rs73048936	25000	-0.0133	0.02968
rs11878604	24898	0.001073	0.01754
rs34410235	24759	0.0075	0.01803
rs4803378	25000	0.1557	0.0319
rs11881918	24940	0.001033	0.01782
rs2644891	24830	-0.01759	0.009603
rs7255471	24874	0.009458	0.009866
rs144002017	24987	0.1475	0.03159
rs74719953	24942	-0.03662	0.01841
rs116064259	24950	-0.03784	0.0184
rs143303864	24996	0.1491	0.03168
rs55978439	25000	0.007647	0.01074
rs77914443	24956	-0.03771	0.01837
rs11670760	25000	-0.007176	0.01001
rs7248461	24905	0.009794	0.01761
rs10408411	24895	-0.008075	0.01026
rs10406996	24905	0.009582	0.01761
rs148434100	24951	-0.03985	0.03627
rs11879413	24990	0.001737	0.01769
rs8107294	24906	0.01072	0.01758
rs3852867	24877	0.0109	0.009076
rs3852868	24883	0.01106	0.009074
rs3865453	25000	0.002258	0.01765
rs66889044	24882	-0.0004538	0.009399
rs28744583	24929	0.008852	0.01756
rs11667982	24904	0.01103	0.01243
rs2258314	24977	0.001505	0.01771
rs143200968	24988	0.1603	0.03202
rs2258380	25000	0.006385	0.01075
rs114811084	24935	0.0179	0.04196
rs7247231	24977	0.00557	0.01328
rs7246188	25000	0.008821	0.01324
rs12459249	24919	-0.006387	0.009552
rs142379023	24975	-0.02718	0.01685
rs139968700	24975	-0.02718	0.01685
rs11083569	24842	-0.004407	0.009548
rs56007948	24835	-0.01031	0.01022
rs10853742	24952	-0.00588	0.009531
rs12327581	24976	0.00933	0.01767
rs34945948	24965	-0.01077	0.01273
rs28450491	24977	0.008727	0.01767
rs11667314	24958	-0.005605	0.00953
rs12461964	24921	-0.002474	0.009046
rs117287096	25000	0.1557	0.03155
rs7251418	25000	-0.007663	0.01012
rs115337625	25000	-0.02486	0.01675
rs7251570	24958	-0.005616	0.009527
rs150719694	24989	-0.02692	0.01682
rs117593859	24957	-0.03682	0.01848
rs186051747	24989	0.1474	0.03174
rs3865454	24951	-0.005621	0.009527
rs145580088	24989	0.1579	0.03206
rs142250066	24896	-0.015	0.04645
rs773213095	24974	-0.02791	0.01681
rs7252302	25000	-0.009545	0.01271
rs187795779	24978	0.1399	0.032
rs12985907	24961	0.01058	0.01071
rs187430990	24992	0.1483	0.03169
rs12986371	24886	-0.007383	0.01012
rs76112798	24981	-0.0005013	0.01861
rs11668399	24840	-0.006936	0.01017
rs11672809	24983	0.009012	0.01772
rs8110214	24921	-0.006737	0.01113
rs4343391	24853	-0.007806	0.01016
rs111500321	24846	-0.02666	0.01713
rs117422348	25000	0.148	0.0308
rs142820377	24955	-0.02631	0.01689
rs7246742	25000	0.007217	0.01328
rs112292570	24992	0.1502	0.03168
rs7249723	24956	-0.02763	0.01687
rs11083571	24819	-0.008929	0.01017
rs150944685	24940	0.1503	0.03191
rs2259219	25000	-0.02702	0.01666
rs2002975	24986	-0.02422	0.01681
rs2002976	24963	-0.03529	0.01846
rs2002977	25000	-0.02574	0.01658
rs28399462	24945	0.1606	0.03174
rs28399459	24982	0.1677	0.03218
rs8192729	25000	-0.02588	0.01682
rs4803380	24976	0.1651	0.03171
rs55971367	24959	0.007068	0.01807
rs72549444	24992	0.1653	0.03169
rs58571639	25000	-0.002596	0.00895
rs2644906	25000	-0.02218	0.02572
rs4514794	24989	-0.02353	0.01681
rs4079369	24993	-0.02462	0.01681
rs1809811	24952	-0.02418	0.01689
rs28399448	24989	0.1672	0.03204
rs56113850	24803	-0.001402	0.009142
rs56267346	24853	0.01276	0.01235
rs56100930	24862	-0.01864	0.01676
rs55921593	24998	0.1689	0.03207
rs28399443	25000	0.1653	0.03256
rs28399442	25000	0.1639	0.03198
rs8192726	24932	0.004475	0.01871
rs8192725	24903	-0.011	0.01028
rs368499260	24777	0.002746	0.01925
rs7250713	24803	0.00321	0.009121
rs56283800	25000	-0.02466	0.01675
rs28399435	25000	-0.01886	0.02095
rs1137115	25000	-0.005551	0.01008
rs28399433	24879	0.001189	0.01843
rs147001205	24819	-0.03101	0.02824
rs61663607	24897	-0.02296	0.01655
rs2644914	24809	-0.006136	0.0101
rs60908035	24748	-0.01931	0.01695
rs62108999	24975	-0.01236	0.02115
rs11882754	24943	-0.02243	0.01679
rs11665953	24879	-0.01358	0.04588
rs140955303	24968	-0.01131	0.02119
rs113288603	24899	-0.02282	0.01654
rs10404667	24940	-0.006222	0.01006
rs12974496	24799	-0.008592	0.009367
rs117503862	24886	-0.01516	0.04574
rs8102683	25000	-0.006078	0.009986
rs11671041	25000	0.004288	0.01747
rs8105704	25000	-0.005681	0.009992
rs7256108	25000	-0.02442	0.01637
rs77082826	24868	0.005144	0.01966
rs7255443	25000	-0.02399	0.01637
rs7255616	24928	-0.03161	0.01834
rs1496402	24930	-0.01357	0.009295
rs8102900	24923	-0.01371	0.009294
rs12610432	24974	-0.006432	0.01001
rs113639491	24988	-0.02405	0.01639
rs138499028	24921	-0.0294	0.0183
rs2431410	24973	-0.02402	0.01641
rs4001920	24834	0.001112	0.01784
rs111272925	24905	0.005557	0.01863
rs376156220	24952	-0.02386	0.01643
rs6508949	24884	-0.01232	0.01273
rs111240159	25000	-0.004616	0.04196
rs7247903	25000	0.01161	0.01816
rs146298249	24880	-0.02887	0.04115
rs6508950	25000	-0.02833	0.01622
rs58852729	24972	-0.01906	0.01638
rs57893589	25000	-0.02259	0.01627
rs79300568	25000	-0.01993	0.0264
rs71358943	25000	-0.004128	0.01936
rs75152309	25000	-0.01263	0.01812
rs150890087	24873	-0.03594	0.0201
rs74493998	25000	-0.02379	0.01668
rs111390860	25000	0.04335	0.02611
rs2302987	24883	-0.01593	0.01058
rs2302988	24888	0.005034	0.01016
rs16958956	24889	0.004965	0.01017
rs113594185	24997	-0.02346	0.01668
rs34615895	24971	-0.005509	0.008822
rs34457531	24759	0.004579	0.01019
rs138593323	24993	-0.02432	0.0167
rs3869579	25000	-0.005726	0.00882
rs117244518	25000	-0.02241	0.02421
rs4079370	24941	-0.008584	0.01236
rs2909906	24937	0.005516	0.01014
rs2935235	24981	-0.005657	0.008821
rs10404300	24955	0.005548	0.01014
rs10402703	24954	0.005607	0.01014
rs113986398	24784	-0.02548	0.01544
rs4453619	25000	-0.02397	0.01664
rs4079367	24983	-0.005567	0.00882
rs4079366	24962	0.005527	0.01015
rs12981337	24890	-0.004176	0.01882
rs4803389	24975	-0.005779	0.008824
rs4803390	24977	-0.005629	0.008823
rs7250490	25000	-0.02419	0.01668
rs4803391	24980	-0.00563	0.008822
rs12982395	24803	-0.005204	0.008843
rs28619553	24798	-0.005093	0.008844
rs2644904	24980	-0.005488	0.008823
rs2316215	24831	-0.00389	0.008879
rs2545781	24949	0.005151	0.01015
rs12982314	24955	0.00483	0.01015
rs12975382	24935	-0.005295	0.008834
rs12973598	24942	-0.005286	0.008831
rs73032311	25000	-0.008593	0.01234
rs4142867	25000	-0.004833	0.008851
rs73032316	24977	-0.007463	0.01233
rs3815704	24983	-0.005388	0.008821
rs3815706	24976	-0.007395	0.01233
rs56081734	25000	-0.005768	0.008814
rs3815708	24786	-0.003078	0.008867
rs3815709	24786	-0.003078	0.008867
rs58798281	24810	-0.003071	0.008857
rs71337574	24921	-0.005058	0.008828
rs74219554	24922	-0.005059	0.008828
rs3815714	24968	-0.005427	0.008824
rs61482096	24948	0.00107	0.008977
rs111304976	25000	-0.02325	0.01669
rs113747053	24999	-0.02435	0.01669
rs11669113	24814	-0.002982	0.008866
rs28475084	24952	-0.006181	0.01873
rs66882672	25000	-0.005751	0.01226
rs10424834	24900	-0.005286	0.008847
rs67808403	25000	-0.006208	0.01226
rs10425150	24926	-0.0008384	0.008993
rs10425169	24919	-0.0008528	0.008994
rs10425176	24921	-0.0008986	0.008994
rs10425185	24870	-0.001597	0.0104
rs116439249	25000	-0.004475	0.01913
rs11881400	24986	-0.002666	0.01915
rs4803393	24947	-0.009595	0.009154
rs3797218	25000	-0.001873	0.008996
rs79809963	24990	-0.01404	0.01259
rs28602288	24970	0.005828	0.009466
rs28427254	24994	-0.00136	0.008993
rs76734307	24975	-0.01423	0.0126
rs11083580	24903	-0.0007113	0.009007
rs73032332	24994	-0.01501	0.0126
rs79228693	24922	-0.018	0.01074
rs11083581	24884	0.01459	0.01013
rs141144155	24954	-0.01741	0.017
rs576100986	24942	0.1878	0.03339
rs115416981	24991	-0.01464	0.01259
rs111895432	24820	-0.01413	0.01257
rs4802095	25000	-0.009727	0.009144
rs75643627	24984	-0.002158	0.01914
rs2260140	24953	0.002159	0.009061
rs11665969	24959	-0.001755	0.009001
rs143266085	24978	-0.0206	0.01713
rs3875155	24960	-0.01434	0.01261
rs141949574	24992	0.1748	0.03215
rs10421888	24955	-0.002309	0.009003
rs10423695	24908	-0.002226	0.009016
rs3875159	24924	-0.0009608	0.009003
rs79600176	25000	0.1797	0.03204
rs139555583	24925	-0.03542	0.01995
rs10521014	25000	-0.001971	0.01915
rs7246658	24961	-0.0004204	0.01048
rs75058934	24979	-0.0149	0.0126
rs28503746	24957	-0.002105	0.009002
rs3909341	24957	-0.002105	0.009002
rs4105143	24937	-0.002072	0.009005
rs4105142	24955	-0.002105	0.009002
rs115413979	24998	-0.003206	0.01913
rs4105141	24952	0.002028	0.009068
rs79124381	24997	-0.002161	0.01913
rs5007415	24948	0.002054	0.009068
rs10410750	24954	-0.002144	0.009002
rs117683060	24998	0.1777	0.0321
rs10411264	24948	0.002093	0.009069
rs67421541	24949	-0.002216	0.009004
rs79614850	24979	-0.0149	0.0126
rs10418318	24950	-0.001755	0.009002
rs28472879	24937	0.002718	0.009071
rs11083582	24946	-0.002271	0.009005
rs71358947	24830	-0.002003	0.02193
rs113421706	24978	-0.0219	0.01712
rs3909342	24946	-0.002185	0.009005
rs74502074	24945	-0.01454	0.01263
rs4803397	24932	-0.003064	0.01039
rs10406188	24941	0.002701	0.009071
rs3852870	24945	-0.002185	0.009005
rs8103288	24935	0.002683	0.009072
rs8103444	24907	-0.002455	0.01039
rs8106551	24905	-0.002433	0.01039
rs117284921	25000	-0.003359	0.02458
rs35809263	24988	-0.003702	0.01911
rs12609161	24805	0.0009864	0.01054
rs143650967	24787	-0.01754	0.03695
rs10414481	24932	0.002653	0.009073
rs11667931	24856	0.001587	0.04371
rs11668664	24975	-0.003364	0.01917
rs3865457	24920	0.002813	0.009074
rs12611183	24907	-0.01506	0.01264
rs76297159	24905	-0.0149	0.01265
rs113919192	24918	0.04187	0.02617
rs9630869	24913	-0.02107	0.01681
rs11880938	24967	-0.001234	0.01908
rs12609982	24868	-0.01492	0.01268
rs12608615	24875	-0.01385	0.01266
rs34127861	24869	-0.01467	0.01267
rs12982060	24963	-0.005195	0.01921
rs12984358	24962	-0.005112	0.0192
rs9630870	24932	-0.02092	0.01748
rs11878463	24961	-0.005398	0.0192
rs4803398	24842	-0.0123	0.009174
rs3956342	24870	-0.003528	0.01041
rs559555518	24925	-0.007037	0.01933
rs6508953	24926	-0.01109	0.009159
rs7252852	25000	-0.003285	0.009005
rs12460054	24861	-0.01628	0.0127
rs562057162	24921	0.1619	0.03286
rs11083583	24859	-0.01253	0.009166
rs145338994	24825	-0.009181	0.04497
rs10419393	25000	-0.002662	0.009004
rs34050311	24932	-0.008096	0.01924
rs34981426	24799	-0.002139	0.0221
rs7343061	24989	-0.00287	0.009006
rs4803400	25000	-0.002862	0.009003
rs17726493	24852	-0.01625	0.01265
rs117540499	24969	0.1721	0.03187
rs41478352	24826	-0.01625	0.01267
rs7254188	24918	0.003334	0.009078
rs73555357	24940	-0.004178	0.01916
rs10416968	24981	-0.002902	0.009008
rs73931391	24965	0.1638	0.03173
rs62109001	25000	-0.02299	0.02148
rs113921300	24948	0.01402	0.034
rs7258590	24801	-0.001507	0.009047
rs12974293	24897	-0.006983	0.01936
rs71358948	24844	-0.01165	0.01958
rs76558089	24987	0.02143	0.03451
rs117051423	25000	0.01765	0.03445
rs113344195	24971	0.02779	0.04417
rs16974677	24758	-0.03508	0.04496
rs8109507	24795	-0.0129	0.01972
rs184589612	24892	0.2503	0.03845
rs142659926	24844	0.2501	0.03572
rs8100418	24838	-0.004525	0.009319
rs17656995	25000	0.02326	0.03445
rs3852872	24791	0.005588	0.0103
rs3852873	24790	0.005603	0.0103
rs146260021	24842	-0.004934	0.0093
rs56129017	24998	-0.004551	0.009284
rs73034462	25000	-0.004438	0.009283
rs191729317	24929	-0.05849	0.04379
rs140387699	24891	0.2621	0.03557
rs73034465	24999	-0.00456	0.009284
rs76935404	24999	-0.004559	0.009284
rs10419450	24817	0.005582	0.0103
rs10420231	24820	0.00557	0.01029
rs2161245	24985	-0.004427	0.009287
rs138795481	24902	0.2598	0.03534
rs4500872	24870	0.00583	0.01027
rs4359558	24909	-0.003522	0.009311
rs146815202	24903	0.2601	0.03531
rs111816664	24749	-0.01115	0.02286
rs4468739	24984	-0.004335	0.009287
rs151028083	24889	0.2582	0.03523
rs140946384	24850	0.2722	0.04426
rs4001945	24912	0.004295	0.0103
rs138937335	24905	0.2583	0.03521
rs4001944	24984	-0.004521	0.009286
rs4001943	24962	0.007385	0.01024
rs55779134	24964	-0.004702	0.009291
rs4001940	24768	-0.01942	0.01317
rs4090553	24980	0.006083	0.01025
rs113858922	24931	0.02303	0.03441
rs10406801	24767	-0.01951	0.01317
rs12459565	24982	0.005962	0.01025
rs28417358	24962	-0.004436	0.009291
rs3933911	24983	0.005952	0.01025
rs11083590	24984	0.005883	0.01025
rs11083591	24754	-0.01141	0.02287
rs73555393	24770	-0.01995	0.01317
rs11668711	24770	-0.01995	0.01317
rs11083592	24751	-0.01149	0.02287
rs11668869	24754	-0.01141	0.02287
rs146979430	24934	-0.08278	0.04277
rs11668870	24754	-0.0125	0.02286
rs117258526	24915	0.2574	0.03507
rs117697721	24903	0.2527	0.03506
rs11671237	24770	-0.0194	0.01318
rs3844443	25000	0.006168	0.01024
rs145365541	24898	0.2509	0.03512
rs137870022	24898	0.2509	0.03512
rs149613261	24963	0.03204	0.0442
rs148739437	24899	0.2527	0.03508
rs12151139	24918	-0.004607	0.009301
rs4609955	24918	-0.004605	0.0093
rs3843043	24973	0.005516	0.01025
rs3844444	24973	0.005516	0.01025
rs145387799	24902	0.2527	0.03508
rs12150973	24948	-0.004547	0.009294
rs7255901	24946	-0.004718	0.009294
rs143051365	24897	0.2524	0.03518
rs1820025	24980	0.005724	0.01025
rs77573739	24790	-0.006842	0.02553
rs7249124	24992	0.006159	0.01025
rs146452352	24896	0.2523	0.0352
rs138379656	24879	0.2442	0.03063
rs150647301	24879	0.2441	0.03063
rs186422056	24825	-0.02092	0.03825
rs4802097	24973	-0.01263	0.01357
rs112819506	25000	0.2531	0.02933
rs4803407	25000	-0.01313	0.01354
rs138116565	24991	0.2522	0.02985
rs146037066	24966	0.2431	0.03045
rs140318071	24770	0.0405	0.03695
rs150258088	24864	0.2415	0.03151
rs370764878	24740	0.2442	0.03306
rs4124633	24848	0.001081	0.01039
rs3852875	24863	0.005575	0.01029
rs3745220	25000	0.006143	0.01033
rs117456811	24781	0.006118	0.03012
rs3844446	24928	-0.0257	0.01392
rs3844447	24936	-0.02452	0.01393
rs3844448	24945	-0.02529	0.01393
rs3844449	24942	-0.02235	0.01392
rs4062238	24810	-0.004688	0.00931
rs4560022	24892	-0.006521	0.009311
rs4560023	24903	-0.006079	0.009309
rs7251436	24909	-0.006286	0.009308
rs57339473	25000	-0.0235	0.01388
rs4239511	24912	-0.006374	0.009307
rs7259806	24884	0.008757	0.01053
rs4802099	24871	-0.003425	0.009383
rs12972933	24927	-0.00591	0.009303
rs112243436	24927	-0.005189	0.04142
rs1132886	24876	0.009051	0.01054
rs117694034	24760	-0.04174	0.02324
rs4803408	25000	-0.0154	0.03319
rs117061792	24807	0.0171	0.03025
rs71175658	24823	0.007684	0.01054
rs71358950	24825	0.009407	0.01059
rs4322765	24994	-0.005346	0.009289
rs3889806	25000	-0.005098	0.009287
rs11667592	24903	0.005841	0.01049
rs7256675	24929	-0.02078	0.01415
rs8109818	24904	0.01142	0.01041
rs11673582	24903	-0.003583	0.009378
rs76892312	25000	0.003123	0.02765
rs58436969	24953	-0.005823	0.0093
rs2316319	24887	-0.00392	0.009384
rs185103662	24782	0.01348	0.04202
rs4803410	24895	-0.02162	0.01414
rs4803411	24946	-0.005809	0.009297
rs10410037	24794	0.009657	0.01059
rs10417579	24816	-0.002502	0.009263
rs11673114	24898	-0.005406	0.009308
rs146934669	24800	-0.004467	0.00933
rs12459237	24873	0.09797	0.03507
rs79018919	25000	0.0001479	0.0393
rs10406402	24821	0.008367	0.01056
rs117517425	25000	-0.02569	0.03811
rs117691729	24977	-0.006023	0.02832
rs953490	24869	-0.0228	0.01421
rs1017384	24768	0.009744	0.01062
rs12978065	24857	-0.004939	0.009393
rs61505259	24868	-0.02256	0.01421
rs60787096	24866	-0.02311	0.0142
rs9676294	24828	-0.005661	0.009318
rs9676346	24783	-0.002418	0.009302
rs10419680	24843	0.008502	0.01055
rs11881340	24754	0.01778	0.01152
rs59300404	24858	-0.005044	0.00939
rs57755489	24858	-0.005044	0.00939
rs58094757	24792	-0.005181	0.009328
rs7256851	24857	-0.02328	0.0142
rs882808	24870	-0.004811	0.009387
rs1104854	24877	-0.004878	0.009388
rs11667025	24902	-0.005014	0.009379
rs11671151	24948	0.005801	0.0105
rs11671108	24953	0.006075	0.01049
rs12984343	24882	-0.02575	0.02111
rs7251950	25000	0.001246	0.009671
rs117118313	24790	0.01549	0.04299
rs73037210	25000	0.0725	0.04483
rs111390768	24902	0.005167	0.009582
rs12971445	24913	0.005028	0.009579
rs77159062	24872	-0.01244	0.01697
rs1808002	24878	0.003236	0.009617
rs8106966	24901	0.006486	0.01068
rs4803413	24886	0.003039	0.009616
rs137856777	24988	0.00587	0.03951
rs8106911	24902	0.00636	0.01068
rs4803414	24886	0.003115	0.009618
rs55721612	24877	0.006682	0.009563
rs12980661	24989	-0.02184	0.02169
rs117451320	25000	-0.03019	0.02384
rs112295467	25000	-0.01003	0.03667
rs11083595	24916	0.006182	0.01067
rs1808682	25000	0.00771	0.01047
rs892216	24879	0.007897	0.009573
rs10418990	24844	-0.01075	0.009187
rs8109525	24896	0.004416	0.009628
rs7257854	24882	0.007503	0.009572
rs35659050	24935	0.007264	0.0105
rs7254579	24829	0.004017	0.009645
rs3760657	24785	-0.00992	0.01659
rs2054675	24925	0.006035	0.01067
rs4802100	24772	-0.009875	0.01659
rs4802101	24781	-0.01041	0.0092
rs8192709	25000	-0.02634	0.02164
rs1872122	24836	0.003169	0.009645
rs2099361	24785	-0.006975	0.009345
rs6508963	24831	0.00404	0.009646
rs2014141	24786	-0.01011	0.009198
rs8192711	24997	-0.02251	0.02169
rs8100458	24834	0.003763	0.009645
rs117398851	25000	0.1658	0.03057
rs59243457	24935	0.01021	0.01055
rs1872123	24842	0.008778	0.01059
rs1872124	24839	0.005103	0.01071
rs1872125	24937	0.006759	0.01067
rs8101756	24945	0.01065	0.01055
rs6508964	24779	-0.0106	0.009198
rs8104022	24949	0.007132	0.01066
rs10409285	24946	0.0105	0.01055
rs4803416	24779	-0.01049	0.0092
rs4802103	24814	0.003837	0.009644
rs62109048	24958	0.006837	0.01066
rs7251624	24889	0.01195	0.01059
rs7250745	24895	0.0116	0.01058
rs7250873	24967	0.01049	0.01054
rs7250991	24973	0.01047	0.01054
rs16974799	24979	0.0105	0.01054
rs79472458	25000	0.00735	0.02884
rs62109049	24980	0.01042	0.01054
rs201798198	24979	0.01072	0.01054
rs199696183	24983	0.01075	0.01054
rs10424026	24997	0.007104	0.01065
rs34801721	24966	-0.01832	0.02177
rs2873265	24826	0.003672	0.009646
rs2873264	24828	0.002902	0.009646
rs74833194	24970	0.006257	0.02799
rs3786547	25000	0.006953	0.01065
rs2200237	24989	0.01053	0.01054
rs11881991	24913	0.01076	0.01056
rs34353716	24862	-0.0342	0.03732
rs4803417	24755	-0.01123	0.009207
rs10500282	24824	0.006389	0.01036
rs11672911	24776	0.002963	0.009949
rs75833439	24898	-0.1136	0.0435
rs10403955	24817	0.007148	0.01032
rs2279341	24950	-0.02031	0.02179
rs4803418	25000	0.005037	0.009882
rs12985017	24948	-0.02098	0.02177
rs12985269	24946	-0.01993	0.02182
rs4803419	24962	0.004894	0.00988
rs3745274	24921	0.008733	0.01065
rs78313984	24926	0.009011	0.01065
rs75446511	24928	0.00882	0.01065
rs7257042	24891	-0.009584	0.009213
rs111688353	25000	-0.006819	0.03647
rs7260538	24909	-0.01275	0.009128
rs10401737	25000	0.00745	0.01059
rs10426663	24978	0.007061	0.01059
rs4061281	24969	0.006742	0.01058
rs202050252	24970	0.007413	0.01058
rs2279344	24890	-0.0103	0.009214
rs2279345	24895	-0.00997	0.00921
rs2306606	24985	0.007433	0.01057
rs34906003	24979	0.007363	0.01057
rs11882424	24953	-0.0171	0.0219
rs34830389	24805	0.01015	0.01064
rs35679971	24953	-0.0171	0.0219
rs6508965	24894	-0.009802	0.00921
rs35323827	24938	-0.01683	0.02187
rs6508966	24900	-0.009723	0.009209
rs7246456	24990	0.007336	0.01057
rs12721656	25000	-0.074	0.02684
rs8192719	25000	0.007351	0.01057
rs34677607	25000	-0.002225	0.009289
rs33967301	24949	-0.01482	0.02192
rs11671243	24909	-0.00983	0.009207
rs11882450	24951	-0.01598	0.02192
rs7255561	24915	0.007087	0.01059
rs7255374	24873	0.002907	0.009993
rs11673270	24872	0.008929	0.0106
rs35295514	24934	-0.01511	0.02194
rs4802104	24929	0.006754	0.009915
rs7259965	24873	0.008224	0.01061
rs7260329	25000	0.0086	0.009841
rs8109848	24823	0.006966	0.009944
rs2291287	24926	-0.01564	0.02195
rs4803420	24842	0.002047	0.01624
rs28969420	24914	-0.006693	0.02181
rs56777936	24983	0.005057	0.01616
rs58312733	24985	0.005511	0.01617
rs61073883	25000	0.007338	0.01614
rs36002231	24918	-0.006385	0.0218
rs34299754	24918	-0.006385	0.0218
rs35131519	24749	0.00629	0.009444
rs77484259	24962	0.00323	0.01619
rs73559297	24917	-0.004719	0.0218
rs58380651	24960	0.003372	0.01619
rs73039224	25000	0.08214	0.03419
rs35246205	24913	-0.006418	0.02175
rs732738	24770	0.006629	0.009445
rs71358957	24935	-0.008682	0.02201
rs7255904	24810	0.004791	0.009223
rs10421701	24878	0.006219	0.009428
rs10420194	24879	0.006185	0.009428
rs35457902	24939	-0.006776	0.02194
rs76594250	24872	0.004407	0.01578
rs12971357	24939	-0.008887	0.02201
rs10401226	24908	0.006119	0.01006
rs12971648	24933	-0.00915	0.022
rs3895941	24891	0.005666	0.00943
rs11083596	24927	0.005761	0.01006
rs139055322	24946	0.0004011	0.01637
rs11666982	24752	0.006267	0.009213
rs11670798	24827	-0.01301	0.009378
rs11670865	25000	0.006015	0.01009
rs35930845	24768	0.007314	0.01118
rs7249735	25000	0.00612	0.01008
rs3745275	24973	0.006885	0.0101
rs3745276	24832	-0.01351	0.009379
rs7254767	24906	-0.004094	0.01216
rs3745277	24856	-0.005776	0.0111
rs434606	24938	0.01248	0.01128
rs7255146	24992	-0.007282	0.01235
rs62120870	24914	0.01445	0.01129
rs12975533	24959	-0.008757	0.02192
rs11879790	24930	-0.01029	0.01235
rs10419321	24987	-0.008501	0.01235
rs10420699	24990	-0.008371	0.01235
rs10424716	24992	-0.008417	0.01235
rs10426482	24992	-0.008417	0.01235
rs10424952	24992	-0.008417	0.01235
rs8192785	24927	-0.006666	0.01241
rs10425152	24986	-0.008718	0.01236
rs10425384	24986	-0.009427	0.01236
rs11673685	24992	-0.008417	0.01235
rs34855348	24886	0.01289	0.01098
rs8103372	24996	-0.008555	0.01235
rs8102557	24996	-0.008555	0.01235
rs8102771	24996	-0.008555	0.01235
rs8103097	24996	-0.007608	0.01234
rs11670678	24991	-0.007168	0.01233
rs35302051	24964	-0.008713	0.0219
rs17726861	24916	0.01208	0.0113
rs62120871	24882	0.01297	0.0113
rs28671673	24999	-0.007486	0.01233
rs10413524	24994	-0.007534	0.01233
rs17799912	24863	0.0135	0.01101
rs10415473	24973	-0.008106	0.01235
rs11667928	25000	-0.007516	0.01233
rs11667951	24930	-0.002985	0.01214
rs17799942	24963	0.01135	0.01128
rs16974878	24994	-0.007534	0.01233
rs12979875	24841	0.008154	0.01114
rs10421597	24994	-0.007534	0.01233
rs10422829	24994	-0.007534	0.01233
rs10421834	24999	-0.007486	0.01233
rs10422282	24999	-0.007486	0.01233
rs10422151	25000	-0.007516	0.01233
rs10423743	24999	-0.007486	0.01233
rs7257703	24927	-0.01161	0.009351
rs10422729	24999	-0.007486	0.01233
rs10402037	24992	-0.007753	0.01233
rs10402611	24990	-0.007981	0.01233
rs10402070	24988	-0.007835	0.01233
rs10403268	24987	-0.007238	0.01232
rs10403140	24984	-0.007782	0.01234
rs10403330	24986	-0.008101	0.01234
rs10404959	25000	-0.0112	0.009271
rs574228150	24815	0.007877	0.01111
rs17726963	25000	0.01154	0.01127
rs10410867	24982	-0.00815	0.01234
rs10409701	24982	-0.00815	0.01234
rs4803421	24996	0.01104	0.01128
rs10409738	24980	-0.008128	0.01234
rs4802105	24989	0.01127	0.01128
rs10409585	24980	-0.008128	0.01234
rs10410347	24980	-0.008128	0.01234
rs34301606	24852	0.00923	0.01111
rs12982859	25000	0.009606	0.01101
rs1080235	24833	-0.006279	0.01246
rs1080234	24839	-0.006359	0.01245
rs7257645	24972	-0.01128	0.01154
rs7257660	24970	-0.01122	0.01155
rs11673238	24987	-0.01111	0.01154
rs58657125	25000	-0.01121	0.01153
rs55849132	24948	-0.008115	0.01159
rs78583798	24953	-0.03918	0.03385
rs55927443	25000	-0.006641	0.01547
rs138741511	24826	0.0216	0.04297
rs73933732	24957	0.01542	0.02317
rs117173489	24988	-0.04587	0.03345
rs111893003	25000	0.005345	0.02296
rs11672352	24897	-0.01047	0.01161
rs147459642	24994	-0.04362	0.03335
rs113335154	24981	0.007393	0.02314
rs117285552	25000	-0.01242	0.02256
rs140699087	24982	-0.01644	0.02257
rs76925083	25000	-0.04642	0.03328
rs542740606	24997	-0.04759	0.03337
rs561958887	24809	-0.03482	0.03792
rs529050635	24809	-0.03482	0.03792
rs12461586	24997	-0.04667	0.03332
rs113161508	24980	0.007919	0.02315
rs16974674	25000	0.007376	0.02289
rs118157803	25000	-0.04729	0.03328
rs61746978	25000	0.00746	0.02296
rs11878405	24949	0.005342	0.02309
rs12459181	24999	-0.04668	0.03331
rs35910824	24998	0.006946	0.0228
rs11881617	24999	0.005948	0.0228
rs56688363	25000	0.00585	0.02278
rs111882779	25000	0.006601	0.0228
rs144176888	24958	-0.05134	0.03364
rs12460494	24891	-0.009355	0.01677
rs61738613	24906	0.006011	0.02372
rs1114979	24828	-0.006257	0.009761
rs12978001	24785	-0.00458	0.01081
rs10500283	24837	-0.005602	0.009753
rs117955420	25000	0.008893	0.01867
rs7249063	24842	-0.006227	0.009759
rs62117379	24890	-0.00876	0.01676
rs7252786	24844	-0.005649	0.009754
rs62117380	24898	0.005212	0.01902
rs1820178	24859	-0.005693	0.009748
rs117215870	25000	-0.02445	0.02733
rs2316734	24866	-0.006051	0.009753
rs11083605	24822	-0.002926	0.01078
rs8100612	24845	-0.001953	0.01076
rs8104907	24929	-0.00657	0.009745
rs8105353	24904	-0.005588	0.01079
rs7256289	24904	-0.005731	0.01079
rs11669312	24941	-0.005868	0.009737
rs62117383	24922	-0.002126	0.01654
rs7245443	24912	-0.006518	0.01079
rs34150638	24937	-0.006433	0.009745
rs11673698	24925	-0.006011	0.0108
rs202055073	24879	-0.01135	0.01665
rs8103299	24925	-0.005919	0.01077
rs8103461	24848	-0.004019	0.009775
rs8104297	24853	-0.004615	0.009773
rs11083606	25000	-0.004213	0.01076
rs11083607	25000	-0.005058	0.009729
rs11672085	24961	-0.006097	0.009792
rs17657441	25000	-0.0414	0.03256
rs62117384	24902	-0.009054	0.01734
rs16974950	24884	-0.005108	0.009815
rs7343168	24809	-0.003874	0.009837
rs7258296	24790	-0.003512	0.009837
rs7246719	24759	-0.002933	0.009842
rs139864591	24823	-0.009062	0.01756
rs76557620	25000	-0.005487	0.02324
rs76790231	24872	-0.009167	0.01738
rs77187590	24887	-0.01291	0.01652
rs117515571	24999	-0.0008047	0.03541
rs306001	24932	-0.002228	0.01519
rs117129245	25000	-0.002361	0.03536
rs306000	24948	-0.002048	0.01518
rs73563309	25000	0.06423	0.04295
rs117970885	25000	-0.01334	0.03456
rs305999	24960	-0.01402	0.01617
rs305997	24995	-0.01081	0.01598
rs12608530	25000	0.06423	0.04295
rs305996	25000	-0.00154	0.01513
rs305995	24995	-0.001603	0.01514
rs61280220	25000	0.06423	0.04295
rs305993	24989	-0.01382	0.01615
rs73563325	25000	0.06423	0.04295
rs305992	24976	-0.001367	0.01517
rs305991	24969	-0.0141	0.01618
rs305990	24971	-0.001533	0.01518
rs12460311	25000	0.06423	0.04295
rs12460312	25000	0.06423	0.04295
rs305989	24884	-0.0006573	0.01523
rs112805435	24998	0.06423	0.04295
rs305988	24937	-0.0003531	0.01519
rs305987	24933	-0.001649	0.01532
rs8192784	24995	0.07766	0.04416
rs116877675	24926	-0.01654	0.01632
rs1645690	24915	-0.002311	0.01525
rs8192786	24907	-0.005202	0.01568
rs3968433	24883	-0.01174	0.01666
rs3968432	24907	-0.005202	0.01568
rs59797417	24997	0.07447	0.04408
rs8192789	25000	0.07435	0.04384
rs12459709	24914	-0.01369	0.01659
rs62117407	24917	-0.01483	0.01666
rs17713907	24917	-0.01355	0.01665
rs16974961	25000	-0.0003328	0.01626
rs9917112	24913	-0.01629	0.01675
rs10425590	24984	-0.0005312	0.01629
rs1709081	24903	-0.005937	0.01548
rs1645694	24972	0.03637	0.03831
rs1709082	24876	-0.007354	0.01548
rs3745284	24964	0.06083	0.04266
rs77913771	24901	-0.01796	0.01633
rs1709084	24897	-0.01808	0.01633
rs1645696	24905	-0.01813	0.01633
rs1709085	24905	-0.01813	0.01633
rs1645697	24903	-0.01828	0.01633
rs1709086	24907	-0.01792	0.01631
rs1645699	24907	-0.01792	0.01631
rs1645700	24905	-0.006634	0.01374
rs117822093	25000	0.009792	0.02217
rs1645701	24903	-0.006087	0.01373
rs1709087	24903	-0.006522	0.01373
rs1645702	24903	-0.006522	0.01373
rs1709088	24903	-0.006522	0.01373
rs1709090	24903	-0.006522	0.01373
rs1645703	24903	-0.006522	0.01373
rs1709091	24903	-0.006522	0.01373
rs62117408	24916	-0.01752	0.01666
rs62117409	24916	-0.01752	0.01666
rs1709092	24902	-0.006556	0.01373
rs1709093	24977	0.0115	0.02201
rs62117410	24916	-0.01752	0.01666
rs1645705	24900	-0.006507	0.01373
rs1709094	24900	-0.006507	0.01373
rs1709095	24898	-0.006522	0.01373
rs1645706	24892	-0.006716	0.01373
rs147681967	24985	0.01161	0.02216
rs1709096	24891	-0.006658	0.01373
rs2548791	24891	-0.006658	0.01373
rs1709097	24891	-0.006658	0.01373
rs62117411	24916	-0.01752	0.01666
rs1709098	24891	-0.006658	0.01373
rs1709099	24891	-0.006658	0.01373
rs62117412	24916	-0.01752	0.01666
rs1709100	24891	-0.006658	0.01373
rs1709101	24825	-0.007633	0.01383
rs1709102	24824	-0.007597	0.01383
rs1709103	24891	-0.006658	0.01373
rs143966617	24917	-0.01748	0.01666
rs62117414	24891	-0.006584	0.01373
rs62117415	24891	-0.006584	0.01373
rs62117416	24891	-0.006584	0.01373
rs76169728	24891	-0.006584	0.01373
rs111821801	24828	-0.007548	0.01383
rs141130590	24918	-0.01743	0.01666
rs11672375	24891	-0.006584	0.01373
rs62117419	24918	-0.01743	0.01666
rs11672359	24955	0.01217	0.02209
rs11672418	24955	0.01217	0.02209
rs9676786	24849	0.002776	0.01316
rs149445959	24977	0.01274	0.02218
rs11672363	24960	0.0107	0.02207
rs148156967	24978	0.0706	0.04307
rs192912405	24792	0.0369	0.0279
rs368576224	24911	0.07156	0.04325
rs305980	24803	-0.006571	0.01387
rs12460034	24917	-0.01739	0.01666
rs305982	24800	-0.00643	0.01387
rs305983	24891	-0.006613	0.01373
rs78260438	24803	-0.004935	0.04148
rs117515793	24980	0.01216	0.02217
rs305984	24893	-0.005779	0.01373
rs305985	24893	-0.005779	0.01373
rs1173262	24893	-0.005779	0.01373
rs112172767	24946	0.008008	0.02217
rs62117438	24918	-0.01609	0.01664
rs2458638	24911	-0.0149	0.01658
rs1645709	24911	-0.0149	0.01658
rs146259519	24911	-0.0149	0.01658
rs62117439	24771	0.001624	0.009693
rs73041319	24767	0.007353	0.01068
rs80164387	25000	0.02233	0.02356
rs2548792	24912	-0.01488	0.01658
rs2458636	24912	-0.01488	0.01658
rs35042115	24784	0.008004	0.01068
rs56706715	24975	0.06894	0.04299
rs73545042	24977	0.07004	0.04303
rs62117441	24923	-0.01605	0.01664
rs1709112	24918	-0.01499	0.01658
rs76600499	24983	0.01149	0.02215
rs59191000	24977	0.06904	0.04299
rs62117442	24925	-0.01612	0.01664
rs372068213	24785	-0.0112	0.01679
rs62117443	24928	-0.01564	0.01664
rs1709115	24922	-0.01461	0.01658
rs1709114	24923	-0.01473	0.01658
rs62117444	24943	-0.0142	0.01662
rs77890115	24953	-0.01459	0.0166
rs1645712	24946	-0.01261	0.01654
rs2287940	24908	-0.0002729	0.01182
rs4803427	24968	0.001552	0.009648
rs28447222	24946	-0.01286	0.01655
rs79844516	24954	-0.01382	0.0166
rs62117446	24958	-0.0137	0.01659
rs184247	24944	-0.01268	0.01653
rs3833221	25000	0.006287	0.01146
rs305968	25000	0.002681	0.009637
rs58285195	25000	0.007949	0.02174
rs74824096	24999	0.009667	0.02172
rs57670668	25000	0.05651	0.03906
rs12975986	24923	-0.0002045	0.01182
rs305969	24987	0.002538	0.009644
rs305970	24804	0.00155	0.01085
rs12461035	24972	0.06901	0.04299
rs305971	24910	0.003898	0.01083
rs305972	24944	-0.001263	0.009769
rs12462215	24971	0.06784	0.04303
rs148116588	24920	-0.01404	0.01673
rs141816546	24920	-0.01404	0.01673
rs117659286	24917	-0.01448	0.01674
rs113399285	24943	0.07477	0.04011
rs563075599	24860	0.06905	0.04315
rs76594963	24965	0.07075	0.04303
rs189643984	24860	0.07215	0.04311
rs58894601	24965	0.07075	0.04303
rs139138868	24900	-0.01123	0.01662
rs118175692	24912	-0.01435	0.01676
rs73545059	24944	0.07536	0.04345
rs12460939	24846	0.07448	0.04319
rs73545060	24949	0.07318	0.04349
rs73545063	24949	0.07318	0.04349
rs11879517	24947	0.07415	0.04357
rs11879521	24947	0.07415	0.04357
rs141662451	24933	-0.01235	0.01675
rs59812390	24948	0.07585	0.04372
rs59797778	24950	0.07394	0.04364
rs73545069	24944	0.07777	0.04368
rs3901000	24824	0.01116	0.02236
rs116844571	24819	0.01209	0.02238
rs73545072	24943	0.07601	0.04365
rs149394322	24943	0.07778	0.04369
rs146029724	24944	0.07266	0.04372
rs7246981	25000	-0.009119	0.01683
rs147509048	24856	-0.01451	0.01693
rs202183458	24800	-0.01178	0.01693
rs117567685	24808	-0.01394	0.017
rs111660279	25000	0.04325	0.02714
rs34516126	24781	0.007104	0.01143
rs35586741	24794	0.007033	0.01143
rs62117453	24946	0.005611	0.01138
rs62119606	24955	0.004828	0.01138
rs62119607	25000	0.006086	0.01135
rs12974498	24816	0.005637	0.01148
rs12975886	24785	0.005492	0.01154
rs140379243	24905	0.06665	0.0404
rs13382090	25000	0.06148	0.02675
rs11673243	25000	0.04902	0.0197
rs118067262	25000	-0.01099	0.02543
rs1645675	25000	-0.03366	0.0175
rs75762823	25000	-0.03697	0.02647
rs1631931	24747	0.02107	0.01362
rs1709126	24943	0.0203	0.01348
rs1423684	25000	0.01847	0.01345
rs2432219	24847	0.02074	0.01351
rs146501762	25000	-0.01835	0.01371
rs56302087	24899	-0.0008131	0.01302
rs56377129	24912	-0.001131	0.01301
rs62119611	24952	-0.0002645	0.01296
rs8108821	24942	-0.0009127	0.01299
rs8107955	25000	-3.719e-05	0.01291
rs8108048	24976	0.0006856	0.01294
rs4803435	25000	-0.002969	0.009023
rs12986151	24797	-0.001813	0.009051
rs73041385	25000	-0.02046	0.02422
rs67780013	24990	0.00177	0.01582
rs62119613	25000	0.00275	0.01579
rs200058812	24812	-0.001039	0.01624
rs186263	25000	0.01741	0.02319
rs74609651	25000	0.05886	0.02885
rs305962	24776	0.002816	0.009245
rs305961	24974	0.004205	0.009198
rs305960	24962	0.004185	0.0092
rs8101139	24951	-0.001155	0.01458
rs4802109	24977	0.005561	0.009886
rs111870633	24794	0.01313	0.02312
rs113082337	24837	0.03347	0.03974
rs141250326	24765	-0.01602	0.03471
rs11671185	25000	0.004464	0.009192
rs1709123	24986	0.005345	0.009882
rs58073287	24924	-0.003855	0.01459
rs1645683	24988	0.005391	0.009881
rs1709124	24960	0.003627	0.009202
rs1709125	24964	0.003831	0.0092
rs1645684	25000	0.00539	0.009877
rs58716442	24964	-0.002382	0.01454
rs56942707	24961	-0.003011	0.01454
rs141181792	24950	-0.003417	0.01456
rs114346511	24866	0.0122	0.0174
rs61154238	24976	-0.004103	0.01491
rs142439534	24833	0.01557	0.02645
rs113903673	24969	-0.003444	0.01489
rs117170165	24975	-0.006375	0.01498
rs73043210	25000	-0.05126	0.03711
rs8105815	25000	-0.00398	0.01488
rs4803440	25000	-0.004103	0.01487
rs4803441	25000	-0.004103	0.01487
rs148906328	24871	0.01221	0.0174
rs4803442	25000	-0.004103	0.01487
rs201546315	24899	-0.004928	0.01496
rs200615875	24909	-0.004477	0.01494
rs141593796	24871	0.01221	0.0174
rs57837550	24923	0.00235	0.01457
rs115810579	24907	0.02022	0.01848
rs4802110	24860	0.001855	0.01463
rs78144186	25000	0.03777	0.03158
rs4803443	24810	0.001875	0.01468
rs8100794	24810	0.002646	0.01466
rs76980733	25000	0.0247	0.01828
rs78667589	24776	0.001911	0.01477
rs71358971	25000	0.001443	0.01311
rs12977498	25000	0.002073	0.009885
rs111286228	24891	-0.02266	0.01642
rs112244993	24904	-0.02159	0.01621
rs73547098	24905	-0.02179	0.01622
rs113488648	24934	-0.01835	0.01626
rs57039687	25000	-0.01502	0.01427
rs60750940	24995	-0.01455	0.01428
rs73548705	24992	-0.01458	0.01428
rs55815864	24986	-0.01506	0.01429
rs73548710	24971	-0.01491	0.0143
rs73548713	24913	-0.01894	0.01624
rs76675671	24918	-0.0127	0.02785
rs8107195	24883	-0.01653	0.01436
rs112582405	24890	-0.02163	0.01643
rs557847392	24924	-0.0167	0.0143
rs8110816	24880	-0.01664	0.01437
rs8110102	24885	-0.01609	0.01435
rs8110152	24917	-0.01669	0.01433
rs145214542	24913	-0.0166	0.01431
rs111975518	24896	-0.01766	0.01434
rs113319127	24912	-0.01715	0.01434
rs4803444	24918	-0.01907	0.01006
rs79914447	24914	-0.0166	0.01433
rs79227240	24919	-0.01307	0.02797
rs12971587	25000	-0.01599	0.01192
rs59605996	24914	-0.01619	0.01434
rs8108145	24886	-0.01836	0.01437
rs8111094	24869	-0.01783	0.01439
rs56336263	24886	-0.01408	0.02825
rs57833788	25000	-0.0173	0.01618
rs74944858	25000	0.04644	0.02598
rs73043229	25000	-0.03671	0.03413
rs73931441	24752	-0.0179	0.02912
rs8192793	25000	0.007348	0.01274
rs338600	25000	-0.01005	0.009846
rs117216419	25000	0.04483	0.03191
rs338599	25000	0.05464	0.02394
rs147378765	25000	-0.02365	0.02864
rs57266494	25000	0.009268	0.02093
rs184623	25000	-0.01194	0.009419
rs145259522	24812	0.07591	0.038
rs338587	24938	0.004186	0.009125
rs338586	25000	0.00395	0.009107
rs338585	24966	0.004545	0.009113
rs34971233	25000	-0.04365	0.03115
rs117353963	24825	0.001621	0.03393
rs12611109	24786	0.008395	0.01115
rs338582	24763	0.004051	0.009116
rs10403675	24887	0.005019	0.00908
rs12973802	24825	0.008506	0.01114
rs35024318	24967	0.004394	0.00907
rs168109	25000	0.004489	0.009071
rs338581	24973	0.003949	0.009066
rs338580	24969	0.003869	0.009066
rs7254545	24840	0.003163	0.0091
rs10419231	24832	0.003365	0.009102
rs12984631	24877	-0.01062	0.009908
rs8101985	24908	-0.01056	0.009891
rs1709139	24812	-0.009665	0.009839
rs35056590	24968	0.008437	0.01109
rs34624013	24974	0.009277	0.01105
rs3097901	24812	-0.009623	0.00984
rs116937344	25000	0.007372	0.0252
rs1709078	24827	-0.01004	0.009833
rs12611144	24998	0.008504	0.01103
rs16975079	25000	0.0295	0.03091
rs62120960	25000	0.008829	0.01103
rs1709104	24939	-0.01014	0.009879
rs8107802	24810	-0.00841	0.01054
rs189585208	24790	0.06997	0.03892
rs1654648	25000	0.001478	0.00908
rs1709122	24858	8.533e-05	0.009101
rs78092675	25000	0.04065	0.0276
rs2271546	25000	-0.002101	0.01336
rs143714364	24825	-0.02534	0.03664
rs12985841	25000	-0.06293	0.02927
rs6508974	25000	0.001952	0.009054
rs4802111	24813	-0.001892	0.009055
rs4803448	24767	-0.00289	0.009054
rs12979764	24755	-0.003258	0.009058
rs111463247	24895	-0.01808	0.04384
rs74388568	24932	-0.01215	0.022
rs75242197	24860	-0.01134	0.02222
rs77142490	24967	-0.03045	0.04373
rs75955910	25000	0.01856	0.01439
rs7246896	25000	-0.0153	0.01989
rs73043294	24994	-0.01522	0.01993
rs191007865	24837	-0.01959	0.04002
rs80197793	24971	-0.03683	0.04349
rs56266222	24968	-0.008506	0.02229
rs140903477	24811	-0.02366	0.03658
rs74710594	24967	-0.03187	0.04303
rs79755890	24974	-0.02762	0.04346
rs113296064	24973	-0.03328	0.04342
rs75088429	24976	-0.03619	0.04334
rs76117607	24972	-0.03614	0.04334
rs76715647	24970	-0.03901	0.04342
rs3826715	24971	-0.03578	0.04338
rs137991784	24787	-0.007101	0.01383
rs151013801	24867	0.007258	0.04136
rs11882467	24726	-0.001751	0.01006
rs111672370	24874	0.004689	0.04123
rs11880729	24887	0.00534	0.01273
rs34772093	24960	-0.03126	0.02324
rs139833223	24955	-0.004744	0.01396
rs12978323	25000	-0.001678	0.0101
rs17251589	24964	-0.005431	0.01398
rs12977563	24975	0.002299	0.01275
rs144025261	24969	-0.006104	0.01398
rs12459996	24980	-0.0063	0.01398
rs150097325	24781	-0.02601	0.03686
rs11879429	24987	0.002554	0.01274
rs11879435	24987	0.002554	0.01274
rs55994820	24991	-0.005872	0.01397
rs73045223	24995	-0.006017	0.01397
rs7250883	24980	-0.001175	0.01026
rs73045226	25000	-0.005857	0.01396
rs117941544	24743	0.0522	0.03683
rs2304232	24983	0.003898	0.01283
rs2304231	24982	0.004051	0.01283
rs76524135	24992	-0.008173	0.04285
rs141726434	24956	-0.01658	0.03978
rs12461203	24980	-0.006756	0.01397
rs35546772	25000	-0.03593	0.02308
rs12980267	24978	-0.001026	0.01026
rs4591267	25000	0.004271	0.01283
rs73045231	24980	-0.006545	0.01397
rs1051008	24988	-0.004955	0.04278
rs1946613	24999	0.004364	0.01283
rs1946612	24977	-0.001003	0.01026
rs3760660	24974	0.003518	0.01284
rs3760659	24961	-0.0009965	0.01027
rs12975585	24748	-0.0002064	0.009418
rs12983339	25000	0.004877	0.0101
rs3816052	24921	0.0009781	0.0126
rs2304230	24921	0.001353	0.0126
rs10410836	24922	0.0009942	0.01259
rs17251791	24833	-0.006879	0.01987
rs12972949	24840	0.001145	0.01323
rs117822609	24955	0.005555	0.02097
rs66724427	24923	0.0009634	0.01261
rs149293272	24821	0.006783	0.01796
rs77372279	25000	0.002367	0.02078
rs118189401	24844	-0.01523	0.03934
rs147168311	24762	-0.02253	0.03877
rs113299999	24918	0.02263	0.0156
rs112335177	24892	0.002734	0.04086
rs8103839	24939	0.0002083	0.01266
rs112840353	24920	0.02325	0.01559
rs77612505	24869	-0.05214	0.03725
rs116908902	24831	0.003593	0.03347
rs3745295	24919	0.001166	0.01262
rs7256416	24925	0.001127	0.01262
rs7257583	24925	0.0007528	0.01261
rs7257825	24866	0.00154	0.01268
rs7256856	24924	0.001112	0.01262
rs12971430	24864	-0.05182	0.03734
rs35812313	24946	0.0003365	0.01267
rs67744888	24946	0.0003365	0.01267
rs12973073	24896	-0.001135	0.01264
rs8105901	24916	0.001727	0.01272
rs12975920	24887	0.002948	0.01071
rs113305393	24943	0.008621	0.0167
rs113244942	24943	0.02427	0.01557
rs73045245	24831	-0.005558	0.01987
rs77658816	24854	0.01589	0.01529
rs12327659	24936	0.001075	0.01261
rs10421990	24942	0.0008053	0.01261
rs112830426	24974	0.008201	0.01664
rs3752705	24943	0.001242	0.01261
rs12974420	24964	0.0005782	0.01267
rs2053086	24965	0.000536	0.01267
rs12976536	24969	0.0004841	0.01266
rs12985339	25000	0.0008064	0.01265
rs117699060	24840	0.005656	0.03323
rs76082241	24987	0.009175	0.01662
rs12980480	24979	0.0008684	0.0126
rs11879562	24979	0.0008684	0.0126
rs142566470	24839	-0.03133	0.03655
rs7258749	24980	0.0006736	0.01259
rs13345456	25000	0.0108	0.01049
rs12974323	24979	0.0006592	0.0126
rs77856552	24994	0.00945	0.01662
rs7248164	24981	0.0003547	0.01259
rs111403605	25000	-0.02105	0.02695
rs11881953	24998	0.0001921	0.01265
rs11881940	24998	0.0001921	0.01265
rs143714445	24985	-0.03478	0.03937
rs1056854	24816	-0.002231	0.01263
rs117575156	24856	-0.02271	0.04107
rs7245398	24962	-0.00341	0.01212
rs12972266	24964	-0.003004	0.01219
rs73045256	24809	-0.02174	0.02007
rs79989978	25000	0.01016	0.0166
rs10826	24830	0.0009626	0.0228
rs15052	24883	-0.01126	0.01196
rs35247140	24804	0.02632	0.03552
rs4456618	24952	-0.00231	0.01214
rs1865053	24954	-0.002627	0.01213
rs113048718	24895	0.005178	0.04077
rs12984160	24970	-0.002527	0.01218
rs34945449	24973	-0.003292	0.0121
rs12980839	24977	0.008087	0.01027
rs80079695	24978	0.02397	0.01549
rs8109627	25000	0.00816	0.01027
rs8109167	24972	-0.003345	0.01211
rs35501756	24995	-0.003448	0.01216
rs34322801	24997	-0.003236	0.01215
rs1865052	24974	-0.002649	0.0121
rs79366001	24988	0.02524	0.01549
rs1865051	24983	-0.003835	0.01208
rs16958994	24970	-0.002955	0.0121
rs16958996	24970	-0.002773	0.0121
rs67511749	24924	-0.002169	0.01211
rs16958999	24971	-0.002685	0.0121
rs73045269	25000	-0.006963	0.01213
rs3826714	24970	-0.002746	0.0121
rs56254331	24984	-0.006851	0.01215
rs34075897	24968	-0.003028	0.0121
rs7257310	24971	-0.002732	0.0121
rs7257742	24972	-0.002887	0.01211
rs2241720	24985	-0.00368	0.01216
rs2241719	24996	-0.003707	0.01215
rs2241718	25000	-0.003746	0.01215
rs6957	24962	-0.002559	0.01211
rs75176073	24993	-0.03339	0.03892
rs11880564	24956	-0.003232	0.01219
rs12985162	24909	-0.002659	0.01221
rs12980298	24799	-0.002733	0.01265
rs12980942	24825	-0.002679	0.01271
rs12981053	24798	-0.003125	0.01272
rs73045282	25000	0.01109	0.01798
rs61459202	24779	-0.003125	0.01273
rs12983047	24745	-0.002484	0.01268
rs569987314	24762	-0.01403	0.03923
rs11466353	25000	0.001251	0.01728
rs8110090	25000	0.008908	0.02056
rs1800472	25000	-0.04263	0.03154
rs11466328	25000	-0.04925	0.02782
rs8102501	24980	0.003723	0.01658
rs146652543	24791	-0.04153	0.04041
rs145884172	24796	0.02785	0.03196
rs148292179	24968	-0.003752	0.03028
rs11466321	24990	0.003511	0.01658
rs111403414	25000	0.01194	0.02402
rs2241715	24871	0.01795	0.01
rs12462166	24872	0.01828	0.01
rs12983775	24875	0.01827	0.01
rs1800471	25000	0.003514	0.01657
rs1800470	24945	0.01514	0.009381
rs1799753	24990	0.003295	0.01657
rs1800469	24974	0.01719	0.009977
rs11466313	24980	0.01598	0.009971
rs4803457	25000	0.0152	0.009357
rs2317130	24984	0.01717	0.00994
rs11466310	25000	0.008252	0.02885
rs11666933	24927	0.01457	0.009337
rs11668109	24951	0.01405	0.009951
rs73931466	24972	5.75e-05	0.01657
rs1982072	24965	0.01578	0.009971
rs11670143	24935	0.01443	0.009363
rs117246752	24814	-0.02738	0.01933
rs112489472	24960	0.003094	0.0166
rs4803458	24965	0.01578	0.009971
rs144859514	24800	0.05149	0.03447
rs58479032	24958	0.003279	0.0166
rs11083616	24928	0.01435	0.00937
rs117031209	25000	0.001379	0.02954
rs11083617	24913	0.01385	0.009369
rs112293892	24928	0.006444	0.0245
rs111840944	24951	0.003799	0.01662
rs149039336	24946	0.005093	0.01662
rs79033882	25000	0.02107	0.02906
rs2241714	25000	0.01607	0.009928
rs2241713	24921	0.01352	0.009333
rs3217387	24849	0.01404	0.009932
rs2241712	24986	0.01598	0.00993
rs75611450	24951	0.003426	0.0166
rs1549933	24992	0.01638	0.00993
rs1025497	24938	0.01493	0.009349
rs1963413	24873	0.01613	0.009356
rs58921598	24925	0.005194	0.01666
rs55826925	24924	0.004104	0.01667
rs9797885	24875	0.01866	0.009957
rs73047217	24879	-0.007316	0.03648
rs544669110	24952	-0.04761	0.0415
rs8106934	24921	0.002793	0.01663
rs8106870	24921	0.003461	0.01664
rs8106999	24919	0.005036	0.01666
rs73047219	24917	0.003115	0.01664
rs4803459	24798	0.02128	0.01011
rs112030491	24864	0.007852	0.01668
rs73047220	24851	-0.001542	0.03696
rs8108357	24810	0.01861	0.009361
rs73047224	25000	-0.02353	0.01889
rs34503210	24805	0.01794	0.009366
rs7260340	24821	0.01823	0.00937
rs9710214	24796	0.01909	0.009378
rs11670739	24857	0.01812	0.009362
rs190540310	24780	0.02051	0.03435
rs1046909	25000	0.01817	0.00934
rs1529717	25000	-0.01192	0.009314
rs145155810	24771	-0.02113	0.0398
rs112708650	25000	-0.006496	0.02439
rs149579123	24766	-0.02894	0.03945
rs139581508	24902	0.05921	0.03496
rs117360154	24780	-0.02547	0.03105
rs149687121	24794	0.03858	0.04156
rs181037925	24929	-0.02944	0.04313
rs769887785	25000	-0.01571	0.01261
rs142996134	24875	0.01099	0.03461
rs7247332	24771	0.02757	0.009261
rs141858710	24899	0.01285	0.02627
rs8105833	24812	0.02543	0.009242
rs749147328	24847	0.02526	0.009241
rs878082	24937	0.02535	0.009224
rs878083	24945	0.02651	0.00923
rs11667908	24980	0.0264	0.009228
rs11667848	24980	0.0264	0.009228
rs62117461	24976	0.0259	0.009224
rs111867059	24934	-0.008132	0.01289
rs62117462	24969	0.02455	0.009219
rs11668924	24982	0.02647	0.009227
rs10422956	24988	0.02673	0.009217
rs145693270	24896	0.01197	0.0386
rs10417311	24998	0.02705	0.009214
rs11083618	24987	0.02529	0.009203
rs10417997	24988	0.02521	0.009205
rs760659144	24919	0.0261	0.009218
rs10853751	25000	0.02705	0.009213
rs112381655	24912	0.01168	0.0262
rs141003824	24834	-0.05328	0.03219
rs12983789	24963	-0.01621	0.009338
rs892044	24992	0.0266	0.009211
rs892043	25000	0.04268	0.02291
rs45500792	25000	-0.01568	0.01264
rs34541442	24899	0.009381	0.03839
rs3810174	24989	0.02625	0.009212
rs117069153	24907	0.06198	0.03494
rs3810175	24997	0.02677	0.009214
rs4802116	24992	0.02627	0.009212
rs10420556	24988	0.02679	0.009216
rs12980966	24988	0.02679	0.009216
rs10422783	24988	0.02679	0.009216
rs532336492	24970	0.02597	0.009212
rs10408639	24973	0.04335	0.0229
rs4803461	24931	0.02478	0.009215
rs4803462	24848	0.02728	0.009238
rs6508977	24980	0.02742	0.009239
rs11672345	25000	0.003563	0.02897
rs7258973	24982	0.02803	0.009243
rs4802117	24969	0.0252	0.00923
rs4803463	24978	0.02749	0.009239
rs2241711	24980	0.02806	0.009242
rs2241710	24980	0.02806	0.009242
rs2241709	24967	0.02624	0.009235
rs2241708	24966	0.02645	0.009231
rs2241707	24978	0.02756	0.009239
rs2241706	24984	0.02798	0.009242
rs11083619	24985	0.02799	0.009242
rs11670725	24928	0.02477	0.009224
rs11670757	24978	0.02631	0.009233
rs144287648	24893	0.01545	0.0309
rs769791502	24980	0.02796	0.009241
rs10416743	24878	0.02536	0.00919
rs138842376	24779	0.03349	0.04473
rs11549936	25000	-0.008779	0.0129
rs11879090	24873	-0.01645	0.009074
rs3217386	24977	0.02839	0.009243
rs2288871	24982	0.02708	0.009233
rs3816037	24981	0.02707	0.009233
rs4803464	25000	-0.01745	0.009317
rs4803465	24976	0.02753	0.009238
rs530972813	24960	0.02714	0.009238
rs12709849	24982	0.02708	0.009233
rs11880539	24984	0.02713	0.009229
rs3213861	24976	0.02891	0.009247
rs3213860	24975	0.02897	0.009247
rs11670583	24941	0.0285	0.009252
rs11670668	24941	0.0285	0.009252
rs10409485	24929	0.02862	0.009254
rs10413735	24929	0.02862	0.009254
rs1967334	24920	0.02866	0.009256
rs4803467	24929	0.02858	0.009254
rs4802118	24921	0.02691	0.009245
rs4803468	24929	0.02862	0.009254
rs12982607	24929	0.02862	0.009254
rs4803469	24926	0.02872	0.009255
rs1967333	24918	0.02701	0.009246
rs1473248	24926	0.02872	0.009255
rs11883104	24929	0.02862	0.009254
rs284647	24809	-0.0107	0.01623
rs166925	24926	0.02868	0.009256
rs284648	24926	0.02868	0.009256
rs284649	24926	0.02868	0.009256
rs284650	24926	0.02868	0.009256
rs3214612	24920	0.02914	0.009258
rs11437195	24923	0.02899	0.009256
rs284651	24928	0.02868	0.009256
rs284652	24928	0.02869	0.009256
rs284653	24820	-0.01673	0.009084
rs284654	24925	0.02797	0.009253
rs284655	24928	0.02869	0.009256
rs3217385	24907	0.02876	0.009258
rs284656	24929	0.02871	0.009256
rs284657	24915	0.02684	0.009241
rs284658	24913	0.02665	0.009243
rs4674	24912	0.02821	0.009259
rs140867211	24850	0.05398	0.04312
rs45563938	24984	-0.01124	0.01276
rs284660	24899	0.02779	0.009258
rs284661	24985	0.02668	0.009247
rs284662	25000	0.02867	0.009292
rs284663	25000	0.02941	0.009262
rs45491295	25000	-0.01075	0.01276
rs117273240	25000	-0.03655	0.02861
rs2569400	24983	0.02737	0.00925
rs2569754	24988	0.02902	0.009264
rs17318596	25000	0.02856	0.009393
rs2231943	25000	0.0362	0.03187
rs147501833	24913	0.003172	0.03864
rs67047091	24984	0.02908	0.009264
rs1043413	25000	0.02755	0.009245
rs55986560	24985	0.02678	0.009232
rs58961854	24985	0.02671	0.00923
rs17318666	24983	0.02847	0.009245
rs189984086	24879	-0.01633	0.04203
rs2231942	25000	-0.00195	0.02381
rs2304243	24991	0.02683	0.009225
rs9304593	24992	0.02673	0.009226
rs10432268	24988	0.02691	0.009229
rs2231940	25000	0.02806	0.009239
rs2304242	24982	0.02892	0.009246
rs67143065	24998	0.02736	0.009228
rs60781668	24954	0.02719	0.009229
rs16975238	24992	0.02689	0.009229
rs13346603	24928	0.02786	0.009248
rs13344547	24922	0.02641	0.009238
rs13344563	24950	0.02721	0.009234
rs7260507	25000	0.0124	0.009147
rs7260605	25000	0.01203	0.009088
rs59910131	25000	-0.007359	0.02707
rs17265865	25000	0.03925	0.01704
rs3745285	24771	0.004227	0.01612
rs28571166	24996	-0.006911	0.02735
rs28429750	24996	-0.006911	0.02735
rs117146744	24996	-0.006911	0.02735
rs142126794	24986	-0.005761	0.02729
rs10404805	24979	-0.00587	0.02733
rs10407348	25000	-0.007215	0.01231
rs77170645	24993	-0.00626	0.02733
rs57313046	24946	-0.01061	0.01335
rs10409393	24933	-0.009178	0.01236
rs75197936	24879	-0.008214	0.01339
rs77284436	24848	-0.01134	0.01354
rs117379732	25000	-0.007368	0.02376
rs139948624	24905	0.02562	0.03205
rs10403039	24946	-0.0004019	0.02768
rs10409613	24944	-0.0009382	0.02769
rs10424987	24938	0.002583	0.02771
rs147722112	24836	0.03985	0.03324
rs10406791	24939	-0.001527	0.0279
rs78519520	24937	-0.001549	0.0279
rs73049162	25000	-0.04517	0.02782
rs75870800	24874	-0.00568	0.03483
rs73931499	24920	0.001001	0.02772
rs10414619	24933	-0.002165	0.02794
rs10416243	24880	-0.003567	0.02769
rs73931500	24881	-0.003262	0.02801
rs10411477	24863	-0.003218	0.028
rs10418800	24873	-0.006546	0.02819
rs75968818	24824	0.00615	0.02554
rs112866108	24773	-0.00433	0.03669
rs141584159	24803	0.01623	0.03317
rs149584027	24872	0.03675	0.03704
rs11672691	25000	0.01374	0.01039
rs887391	24945	0.01151	0.01078
rs887392	24808	0.001585	0.01161
rs11673591	24946	0.01277	0.01037
rs2079811	24917	0.01175	0.01037
rs117788287	24957	0.0171	0.02959
rs2316974	24756	0.01279	0.01042
rs10407869	25000	0.01754	0.02488
rs10408516	24976	0.01601	0.02506
rs74428318	24811	0.008733	0.03767
rs118014257	24867	0.03037	0.0247
rs61005330	24858	0.03356	0.0245
rs57766816	24782	-0.01613	0.0292
rs117151468	25000	-0.008934	0.02018
rs141196676	24946	-0.01771	0.04073
rs113318216	24838	0.03467	0.02466
