SNP	N	BETA	SE
rs111073422	24758	0.002295	0.03759
rs10414006	25000	0.02529	0.01382
rs188970225	24980	-0.01866	0.04195
rs814535	24934	0.02334	0.01373
rs73048187	25000	0.002478	0.01638
rs73048188	24973	0.004661	0.01644
rs62107049	25000	0.01543	0.01103
rs2445884	24983	-0.02032	0.00979
rs814536	24936	0.02332	0.01372
rs17656487	24864	-0.004251	0.01026
rs814537	25000	-0.02065	0.009787
rs864602	24957	-0.02142	0.009818
rs9749219	24929	0.02281	0.01372
rs1675396	24919	0.007483	0.009316
rs117431797	24849	0.01708	0.0288
rs17656504	24945	0.01409	0.01102
rs814524	24903	0.02394	0.01374
rs814525	24831	-0.01716	0.009705
rs814526	24781	0.005363	0.009407
rs113849503	24773	0.02472	0.01386
rs148908164	24862	0.01594	0.01105
rs814521	24879	0.02275	0.01376
rs814522	24834	-0.01642	0.009677
rs814523	24884	0.02265	0.01375
rs150437622	24893	-0.0001247	0.02627
rs62107050	24781	0.0159	0.01117
rs73048198	24893	0.002054	0.01631
rs814527	24917	0.02754	0.01562
rs814528	24827	0.01577	0.01188
rs860939	24820	0.01621	0.01192
rs814529	24819	0.01627	0.01192
rs112195042	24979	0.008901	0.03019
rs814533	24924	0.02254	0.01411
rs79238594	24975	0.006401	0.03012
rs201830721	24866	0.02474	0.01419
rs61631675	24945	0.02685	0.0156
rs113743758	24981	0.007725	0.03018
rs74259519	24946	0.02678	0.01575
rs1675398	25000	0.0199	0.01404
rs76311470	24981	0.005093	0.03011
rs814539	24857	0.01705	0.01421
rs814540	24877	0.02021	0.01564
rs148009574	25000	0.01977	0.04483
rs115745829	25000	0.005944	0.03913
rs553787777	24965	0.01727	0.04238
rs56266631	24813	0.002886	0.01126
rs12985180	25000	0.006715	0.01666
rs574262519	24857	0.03834	0.04083
rs67153243	24946	0.007029	0.01678
rs62107056	24971	0.003918	0.0117
rs1461008	24928	-0.01004	0.009054
rs112098210	24937	0.0114	0.03863
rs62107057	25000	0.00243	0.01176
rs1461009	24933	-0.01292	0.00988
rs62107058	24993	0.002689	0.01176
rs61487057	24921	0.01032	0.03955
rs138523829	24962	0.01646	0.04303
rs111741904	24805	-0.01094	0.009075
rs112093859	24937	0.01527	0.03857
rs814502	24866	-0.0227	0.01124
rs55952814	24901	0.003692	0.01172
rs814501	25000	-0.00891	0.009041
rs58887090	24800	0.003697	0.01176
rs79841705	24845	0.02243	0.02658
rs62107860	24792	0.003538	0.01176
rs73050124	24792	0.001159	0.01177
rs112445877	24882	-0.01363	0.04222
rs56208840	24875	0.006113	0.01887
rs73050133	24755	0.002148	0.01157
rs1165860	24770	0.01333	0.009085
rs814514	24797	0.0134	0.00908
rs814515	24792	0.01341	0.009083
rs9710499	24799	0.01336	0.00908
rs2445882	24808	0.01341	0.00908
rs2369005	24815	0.01318	0.009078
rs71358913	24820	0.01313	0.009076
rs62107864	24827	-0.002889	0.01229
rs77224522	24835	0.01369	0.009074
rs1184511	24797	-0.01312	0.009448
rs1165864	24958	0.01357	0.009048
rs1973098	24877	-0.003325	0.01226
rs112785067	24795	0.04292	0.04164
rs62107865	24882	-0.002615	0.01226
rs843777	25000	0.01235	0.009037
rs814509	24993	0.01243	0.009039
rs814508	24985	0.01211	0.009041
rs12610642	24884	-0.002576	0.01226
rs865255	24888	-0.01154	0.009454
rs4332846	24890	-0.01158	0.009453
rs898651	24992	0.0123	0.009039
rs814507	24989	0.01212	0.009039
rs2242131	24887	-0.00255	0.01226
rs814506	24955	0.01254	0.009045
rs814505	24955	0.01252	0.009044
rs814504	24954	0.01257	0.009043
rs527390175	24909	0.01378	0.009056
rs864580	24941	0.01281	0.009047
rs1675401	24940	0.01288	0.009048
rs1675400	24934	0.01285	0.00905
rs7255817	24918	0.01297	0.009053
rs7259210	24846	-0.01177	0.009463
rs2607353	24913	0.0132	0.009053
rs8107961	24924	0.01343	0.009051
rs62107867	24889	-0.004902	0.01225
rs6508942	24864	-0.01104	0.009461
rs6508943	24915	0.01317	0.009053
rs62107868	24896	-0.004329	0.01225
rs10409960	24918	0.01317	0.009053
rs57670688	24901	-0.004901	0.01225
rs62107869	24895	-0.004442	0.01225
rs111323253	24906	-0.004684	0.01226
rs1165835	24853	-0.01238	0.009463
rs117401695	24806	0.03161	0.02968
rs62107870	24930	-0.004629	0.01225
rs146837860	24809	-0.02824	0.03704
rs118048177	25000	-0.02028	0.03219
rs1165836	24954	-0.01085	0.009439
rs1165837	24965	-0.01108	0.009436
rs1165838	24985	-0.01106	0.009432
rs1165839	24983	-0.01111	0.009433
rs1165840	25000	-0.01128	0.009426
rs8101070	24784	0.01273	0.00908
rs1165842	24850	0.02443	0.03084
rs111613270	24791	-0.02623	0.0425
rs3217684	24942	-0.008424	0.0101
rs814518	25000	-0.007286	0.009867
rs814519	24959	-0.007192	0.00987
rs147897354	24974	0.01269	0.03089
rs61457016	24988	0.01527	0.03083
rs78324594	25000	0.005771	0.02309
rs450819	25000	0.005312	0.01258
rs11555272	24899	0.01852	0.02415
rs112869246	24975	0.0133	0.03117
rs116881479	24974	0.01404	0.03127
rs11672651	25000	0.00526	0.01719
rs890935	25000	0.03536	0.03493
rs117101524	24970	0.007062	0.03117
rs117075711	24967	0.007049	0.03117
rs78614258	24934	0.0004437	0.03623
rs73051885	24910	0.0006268	0.01623
rs404584	24922	-0.004244	0.00901
rs7251057	24754	-0.0146	0.01123
rs406133	24936	-0.002269	0.009026
rs10402698	24932	-0.0128	0.01114
rs117078962	24983	0.003196	0.03085
rs415075	24957	-0.002654	0.009026
rs55658896	24986	0.001936	0.01623
rs55736297	25000	0.004131	0.01461
rs45616834	24927	-0.01164	0.03295
rs12977500	25000	0.009924	0.01226
rs393569	25000	-0.004279	0.009008
rs420720	24979	-0.003272	0.009004
rs392726	24985	-0.003962	0.009005
rs396118	25000	-0.004578	0.008999
rs8106578	24961	0.004495	0.0162
rs7171	24970	-0.003883	0.009006
rs117455613	24983	0.003496	0.03101
rs7253575	24950	0.005091	0.01619
rs11673027	24941	0.005106	0.01618
rs73035918	24944	0.00585	0.0162
rs56013937	24941	0.022	0.0159
rs71358922	24958	0.04768	0.02818
rs112009052	24915	0.06944	0.0386
rs11083560	24769	-0.002203	0.01035
rs35669602	24954	0.0195	0.01622
rs117611016	24972	-0.00842	0.0309
rs12610597	24940	0.01401	0.01526
rs12985851	24970	0.03656	0.02931
rs62107907	24876	-0.003917	0.0104
rs73047963	24887	-0.008123	0.01203
rs1864078	24882	0.00328	0.009331
rs1864077	25000	0.02368	0.01624
rs1864074	24890	0.003374	0.00933
rs55815263	24909	-0.00544	0.01198
rs184662521	24977	-0.007713	0.03086
rs79102501	24916	0.003843	0.01214
rs10410606	24911	0.0002032	0.009069
rs117570227	25000	0.03301	0.02904
rs3786527	25000	-0.003516	0.01194
rs2303729	25000	0.002857	0.009058
rs118158487	24983	-0.01135	0.03084
rs75217335	25000	0.03497	0.01615
rs55740667	24968	-0.004961	0.01187
rs73047967	24973	-0.002838	0.01196
rs190003323	24934	-0.01529	0.04228
rs2303728	24944	-0.007541	0.01134
rs11667119	24987	0.005683	0.01619
rs4802079	24961	-0.007115	0.01186
rs117605921	24975	-0.01213	0.03087
rs2604902	24952	0.001192	0.009238
rs55856492	24987	0.006041	0.01619
rs2303727	24947	0.001046	0.009242
rs2246761	24959	-0.004763	0.01195
rs1869712	24954	0.002264	0.009252
rs919307	24954	0.002264	0.009252
rs1318544	24953	0.002584	0.00925
rs33937741	24771	0.0404	0.02131
rs10405930	24933	0.002579	0.009253
rs34093919	25000	0.05678	0.03902
rs2278246	24993	0.003413	0.00924
rs41470347	25000	-0.02003	0.01532
rs1131620	25000	0.004064	0.009232
rs1051303	25000	0.004436	0.009233
rs4803348	25000	0.0007746	0.00931
rs12611045	24968	0.004321	0.009987
rs2077407	24996	0.007093	0.01619
rs2369006	24984	0.002632	0.009748
rs116906234	24892	0.02462	0.0322
rs4435368	24989	0.008754	0.01603
rs4624303	24989	0.008788	0.01603
rs3815913	24975	-0.01208	0.03082
rs144879806	24975	-0.01285	0.0309
rs574467412	24760	-0.03366	0.04436
rs55760745	24933	0.004836	0.009257
rs10403833	24938	0.005643	0.009262
rs10403467	24960	0.003775	0.00924
rs12974270	24942	0.009463	0.01445
rs10403963	24959	0.003782	0.009241
rs141724981	24840	0.02468	0.01934
rs117842713	24972	-0.01157	0.03083
rs113473882	24896	0.05165	0.04324
rs200001925	24981	-0.01121	0.03089
rs57824425	24943	0.00734	0.01446
rs28655571	24986	0.00622	0.009242
rs56353506	24939	0.006501	0.009386
rs7259067	24987	0.006109	0.009241
rs7259237	24993	0.005089	0.009249
rs7259554	25000	0.005028	0.009248
rs78148277	24779	0.0006709	0.02775
rs28649715	24874	0.004307	0.009764
rs28571670	24850	0.006913	0.009258
rs62107911	24815	0.003187	0.01007
rs12980111	24831	0.006789	0.009263
rs113892385	24796	0.0005791	0.01196
rs62107913	24863	0.001276	0.01193
rs34506723	24926	0.02529	0.02971
rs8107014	24809	0.006026	0.009261
rs11667706	24809	0.006251	0.009261
rs11667772	24742	0.006888	0.009275
rs12979249	25000	-0.001007	0.01377
rs10880	25000	0.005518	0.009568
rs35079932	25000	-0.03025	0.01882
rs3786529	24862	0.005108	0.009352
rs7367	25000	0.005213	0.009326
rs11424156	24973	0.005286	0.009329
rs112034877	24968	-0.01412	0.03119
rs115560907	24955	-0.01763	0.0311
rs12610819	24982	0.005942	0.00933
rs55652103	24897	0.0107	0.01749
rs116956820	24973	-0.01491	0.03117
rs118004028	24973	-0.01491	0.03117
rs2278242	24982	0.005739	0.009329
rs2278243	24912	0.0003056	0.01189
rs41512448	24844	0.0007133	0.01192
rs11668042	24892	0.01168	0.01752
rs11671971	24895	0.006845	0.009359
rs2162857	24890	0.007545	0.009357
rs145185707	24870	0.01284	0.01753
rs7258772	24837	0.01568	0.01758
rs79198934	24749	0.01726	0.01792
rs140830128	24932	-0.005364	0.03146
rs56140728	24746	0.01714	0.018
rs117874640	24927	-0.00522	0.0315
rs150637298	24921	-0.006316	0.03149
rs28406786	24860	-0.001412	0.02967
rs62107918	25000	0.006794	0.011
rs112817437	24932	0.007106	0.01102
rs58164846	24918	0.009409	0.01104
rs118012112	24913	-0.00591	0.03157
rs62108966	24927	0.008179	0.01107
rs77469549	25000	-0.01193	0.01897
rs150584557	24846	-0.006796	0.04076
rs9917090	25000	-0.000696	0.009916
rs34689418	24919	0.02178	0.01355
rs35735265	24946	0.02321	0.01355
rs35687546	24940	0.02208	0.01354
rs34547501	25000	0.02089	0.0135
rs10409296	24777	0.01774	0.009007
rs10411059	24783	0.01756	0.009006
rs2561563	25000	0.00165	0.01421
rs2561562	25000	0.01944	0.008974
rs35625703	24987	0.02156	0.01352
rs34433534	24978	0.02158	0.01353
rs112395012	24924	0.02381	0.01606
rs149887334	24850	0.03704	0.02727
rs2604861	24923	0.01112	0.009301
rs10425069	24914	0.01271	0.01279
rs118060349	24809	0.0446	0.02773
rs112100329	24846	0.01243	0.01278
rs34652347	24902	0.02103	0.01359
rs76958745	25000	0.01565	0.03
rs117549193	24776	0.008255	0.02989
rs7247247	24901	0.02132	0.01361
rs2561559	24946	0.00765	0.02046
rs10410503	24995	0.01508	0.01273
rs145826240	24835	0.03213	0.04289
rs12982615	24901	0.02029	0.01361
rs111410535	24994	0.01459	0.01273
rs73546845	24995	0.01454	0.01273
rs112132214	24995	0.01454	0.01273
rs113553619	24997	0.01456	0.01273
rs112016728	24997	0.01456	0.01273
rs4803352	25000	0.01427	0.01273
rs534220827	24957	0.01499	0.01276
rs3885838	24998	0.01505	0.01273
rs74534853	24944	0.007752	0.02046
rs78900506	24887	0.01607	0.01285
rs78084428	24863	0.01749	0.01287
rs147320693	24929	0.01747	0.03204
rs78915350	24948	0.01576	0.01278
rs80003555	24973	0.01479	0.01275
rs183937945	24762	0.05478	0.0435
rs10406417	24994	0.01528	0.01273
rs10407650	24991	0.01503	0.01274
rs12459415	24898	0.01802	0.01357
rs10407889	24976	0.01471	0.01275
rs10408065	24973	0.01458	0.01275
rs10408309	24882	0.0165	0.01285
rs10408310	24890	0.01693	0.01284
rs146588565	24927	0.01754	0.03222
rs117576822	24925	0.01717	0.0322
rs11881578	24890	0.0204	0.0136
rs60950473	24944	0.005843	0.0204
rs4803354	24815	0.01192	0.01372
rs73546860	24856	0.01119	0.01142
rs34605579	24889	0.02087	0.0136
rs2604905	24934	0.004602	0.02056
rs2561556	24870	0.0133	0.01172
rs2604906	24819	0.006619	0.02073
rs79645969	24905	0.006459	0.0252
rs2604859	24943	0.006872	0.02028
rs2561554	24874	0.01281	0.01167
rs2561553	24882	0.01413	0.01167
rs140134034	24952	0.05035	0.03634
rs140578100	24900	0.008079	0.02504
rs2561551	24790	-0.01394	0.009326
rs13343945	24903	0.02104	0.01362
rs111769937	24925	-0.01132	0.01941
rs12975396	24909	0.02199	0.01366
rs770104860	24859	0.002297	0.02556
rs35172225	24859	0.02485	0.01356
rs78091695	24907	0.006719	0.02514
rs111913817	24889	-0.00192	0.03724
rs2561549	24783	-0.01403	0.009172
rs2604900	24863	-0.0161	0.00931
rs2561548	24858	-0.01581	0.009312
rs117223428	24894	0.0006077	0.03517
rs10404911	24921	0.01351	0.01337
rs11083565	24802	-0.005981	0.01009
rs59459325	24921	0.01241	0.01338
rs2250994	24867	-0.01658	0.009314
rs76538711	24913	0.005966	0.02513
rs2604892	24836	-0.01413	0.009165
rs17630360	24914	0.005875	0.02513
rs117864505	25000	0.03717	0.03415
rs117364042	24998	0.03835	0.03516
rs73931345	24912	0.01307	0.01339
rs2561547	24923	-0.0154	0.009296
rs117680497	24900	0.002058	0.02519
rs7255985	24795	0.01956	0.01038
rs8109754	24887	0.02087	0.01034
rs10426415	24926	0.01456	0.01337
rs117836726	24910	0.00569	0.02513
rs58429803	24939	0.02241	0.01364
rs4802082	24956	-0.01241	0.03985
rs754564446	24891	0.02077	0.01362
rs2561546	24950	-0.0156	0.009288
rs12609191	24847	-0.004935	0.01009
rs8110611	24970	-0.01508	0.009286
rs139455857	24919	0.003965	0.02508
rs7508466	24945	0.02125	0.01359
rs2561545	24999	0.009896	0.0201
rs144933018	24998	0.03853	0.03429
rs117496911	24915	0.004047	0.02513
rs2561544	25000	0.009851	0.02009
rs2561543	24991	-0.01493	0.009283
rs10403730	24874	0.007112	0.00905
rs10403732	24826	0.007646	0.009059
rs117956764	25000	-0.01154	0.04066
rs8104739	24949	0.022	0.01364
rs34155014	24866	-0.005343	0.01008
rs113228202	24913	0.04365	0.04256
rs2561542	25000	-0.0148	0.009285
rs73546894	24954	0.0127	0.01335
rs2561541	24944	0.01918	0.01176
rs2561540	24994	0.01048	0.02012
rs8109253	24862	-0.005358	0.01008
rs11368922	24806	-0.006018	0.01009
rs2561539	24984	-0.01491	0.00928
rs8112554	24855	-0.005153	0.01008
rs12984927	24963	0.02158	0.01362
rs3815912	24957	0.01251	0.01335
rs45545932	24881	0.01193	0.01221
rs80115827	24922	0.004915	0.0253
rs117110592	24924	0.007609	0.02529
rs45503691	25000	-0.01248	0.04171
rs2604878	24917	0.01372	0.01166
rs150028623	24990	0.04343	0.03442
rs10401344	25000	0.02044	0.01032
rs2604879	24862	-0.01787	0.0115
rs146827664	24912	0.01164	0.02523
rs148245245	24760	-0.03454	0.02437
rs2241596	24890	0.00834	0.02039
rs117003019	24898	-0.02977	0.02431
rs2604880	25000	-0.006574	0.009688
rs79616991	24934	0.01887	0.03224
rs116967984	24832	-0.1024	0.03831
rs68191109	25000	-0.01184	0.009155
rs4802083	24926	0.01852	0.02519
rs8105009	24824	0.02074	0.01366
rs142211796	24961	0.04524	0.03573
rs6508944	24785	0.009997	0.009286
rs142197669	24950	0.01624	0.02509
rs56056214	24871	-0.01107	0.04335
rs36012476	25000	-0.03787	0.02047
rs2246095	24879	-0.02051	0.009046
rs2604885	25000	0.01017	0.00925
rs4803356	24854	-0.007621	0.01758
rs2604886	24785	0.02646	0.01452
rs151200403	24885	0.01907	0.02485
rs2288451	24775	-0.01204	0.009038
rs118062833	24956	0.0189	0.02447
rs2288450	25000	0.009043	0.01336
rs116796128	24956	0.01951	0.02444
rs4803357	24959	0.0197	0.02447
rs117969352	24969	0.02382	0.02443
rs3865452	25000	0.009148	0.008975
rs79156288	24984	0.0257	0.02433
rs11672197	24881	0.00378	0.009066
rs2115239	24967	-0.01267	0.008994
rs2604888	24827	0.002584	0.009074
rs79570825	24983	0.02431	0.02433
rs74504178	24983	0.02431	0.02433
rs138368438	24983	0.02394	0.02436
rs143923374	24813	0.03841	0.04375
rs74746550	24910	0.03509	0.02073
rs75025421	24986	0.02388	0.02436
rs117406781	24986	0.02388	0.02436
rs4803359	24988	0.02431	0.02436
rs143592826	24996	0.02498	0.02433
rs7250888	24937	0.03353	0.02062
rs11671127	24769	0.003264	0.01185
rs117822166	24984	0.02565	0.02433
rs139920748	24802	0.09089	0.03414
rs34633896	24938	0.03005	0.02036
rs4802084	24999	0.02456	0.02432
rs11538384	25000	0.02487	0.02431
rs142582752	25000	0.02503	0.02432
rs11673492	24772	0.003172	0.01184
rs113701217	24863	-0.01156	0.02003
rs4802085	24761	-0.01175	0.009044
rs2561531	24967	0.03557	0.02056
rs75897642	24912	0.04044	0.02202
rs28493229	24872	0.0105	0.01341
rs1531063	25000	0.0356	0.02026
rs151035706	24973	0.01634	0.02428
rs2561529	24981	0.03522	0.02036
rs148190307	24896	-0.008134	0.04267
rs7251246	24826	-0.009023	0.009019
rs76870783	24975	0.02114	0.02679
rs140989296	24960	0.02323	0.02678
rs12983335	24996	0.002857	0.01177
rs139383406	24975	0.02114	0.02679
rs890934	24809	-0.01354	0.00941
rs11668501	25000	0.002947	0.01176
rs12984298	24999	0.00277	0.01176
rs10425765	24832	-0.00877	0.009016
rs6508945	24871	-0.003568	0.01053
rs7260405	24832	-0.008662	0.009015
rs4802086	24844	0.005856	0.009021
rs4802087	24843	0.005712	0.009021
rs143697240	24893	-0.007868	0.04264
rs2303723	24960	0.03034	0.02037
rs7253502	24975	0.002907	0.01177
rs7253804	24970	0.002746	0.01178
rs118114394	24969	0.02128	0.02679
rs12976551	24901	-0.008467	0.009011
rs55682401	24797	-0.009233	0.009029
rs7248570	24900	-0.008656	0.00901
rs76209839	24977	0.02133	0.02676
rs746158428	24881	0.005067	0.03965
rs10420651	24954	0.03028	0.02038
rs10420685	24954	0.03028	0.02038
rs112628847	25000	-0.004699	0.01899
rs1965715	24965	-0.002145	0.0105
rs118157868	24930	0.007103	0.04193
rs113434779	24850	0.08656	0.03182
rs2561536	25000	-0.003049	0.01052
rs780206390	24903	0.03756	0.02088
rs4420642	24943	0.003175	0.01179
rs142171259	24976	0.02092	0.02681
rs146371606	24952	0.03535	0.02061
rs117529756	24975	0.02303	0.02686
rs117825933	24977	0.02181	0.02691
rs7248468	24888	-0.00617	0.009016
rs79361456	24951	0.02923	0.02041
rs4803360	24828	-0.006608	0.009019
rs4803361	24845	-0.007659	0.01003
rs3842411	24903	0.04068	0.02082
rs3745210	24853	0.005414	0.009874
rs3745211	24854	0.003965	0.009035
rs3745212	24941	0.02975	0.02043
rs2607420	24848	-0.008965	0.01003
rs11083566	24844	-0.007103	0.009025
rs117032961	24990	0.01937	0.0268
rs2290693	24828	-0.006145	0.009027
rs139556022	24999	0.02136	0.02672
rs117499206	25000	0.02152	0.02669
rs62621363	25000	0.02146	0.02677
rs11548478	24812	-0.00651	0.009028
rs3745213	25000	0.007291	0.01319
rs66599479	24852	0.01065	0.01319
rs142449067	24980	0.01807	0.02685
rs145469712	24959	0.02999	0.02641
rs34696457	25000	0.02312	0.02252
rs2369302	24764	-0.002781	0.00957
rs4803362	24973	0.02094	0.02649
rs66865752	24792	0.01442	0.0132
rs140950681	24896	0.03737	0.0211
rs7254893	24845	-0.0129	0.01007
rs7255821	24812	-0.004063	0.009577
rs117354824	25000	0.02095	0.02634
rs151246387	24998	0.02108	0.0264
rs76177309	25000	0.04967	0.02903
rs2254343	25000	-0.0123	0.01006
rs2254338	25000	0.03115	0.02061
rs4802088	25000	0.01802	0.02638
rs2254326	25000	0.03097	0.02065
rs1870087	24801	0.005606	0.009054
rs1869710	25000	0.03307	0.02073
rs117375307	25000	0.01571	0.02646
rs147143546	24775	-0.06883	0.04381
rs1455434	25000	0.03545	0.02079
rs2607418	25000	0.03419	0.02061
rs2604874	24792	-0.01204	0.01013
rs66743282	24776	0.01366	0.01322
rs112046926	24995	0.02111	0.02638
rs79570674	25000	0.01988	0.02638
rs80208490	25000	0.02068	0.02977
rs2607416	24932	0.03149	0.01737
rs780206948	24902	0.03978	0.0211
rs2230694	24957	0.03372	0.01733
rs567963999	25000	0.02478	0.02975
rs143527512	24963	0.03609	0.02102
rs11665867	24801	0.008644	0.01232
rs144761778	25000	0.02478	0.02975
rs116980959	25000	0.013	0.03652
rs2607413	24960	0.03413	0.02089
rs2607412	24961	0.03119	0.01738
rs2607411	24961	0.03357	0.02092
rs4803365	25000	0.02576	0.02969
rs2249854	24962	0.03116	0.01738
rs17713068	25000	-0.004558	0.01263
rs10412175	25000	0.006946	0.04262
rs13108	24962	0.03116	0.01738
rs112889062	25000	0.02761	0.02963
rs144374087	25000	0.02478	0.02975
rs56101381	24990	-0.003886	0.01229
rs200795716	24999	0.02475	0.02975
rs536926374	24999	0.02475	0.02975
rs144243973	24999	0.02475	0.02975
rs142896709	24875	-0.03561	0.04356
rs147404302	24967	-0.09679	0.0347
rs2607426	24959	0.03079	0.01738
rs2607425	24959	0.03079	0.01738
rs2604877	24959	0.03079	0.01738
rs117025790	25000	0.03989	0.02676
rs2607423	24961	0.03131	0.01738
rs191883259	24981	0.02458	0.02971
rs10404944	24999	0.003144	0.04273
rs2604876	24961	0.03178	0.02087
rs116972110	24999	0.02475	0.02975
rs11672227	24788	0.008214	0.01233
rs2607422	24960	0.03287	0.01736
rs2607421	24962	0.03218	0.0174
rs10425480	24995	0.0003023	0.04233
rs146641468	24999	0.02475	0.02975
rs113322546	24818	0.008698	0.01229
rs141788519	24999	0.02475	0.02975
rs2607419	24993	0.03275	0.01737
rs146221490	24999	0.02475	0.02975
rs2233149	24999	0.02475	0.02975
rs112937354	25000	-0.01413	0.02127
rs2233152	25000	-0.004402	0.01264
rs2233153	25000	0.03546	0.02097
rs2233154	24996	0.03271	0.01737
rs2233156	24999	0.03696	0.02098
rs8107978	24987	0.03299	0.01736
rs117248593	25000	0.02001	0.02966
rs8109099	24997	0.03499	0.02084
rs2233159	24997	0.03288	0.01736
rs79016062	25000	0.02456	0.02972
rs2604869	24819	0.005748	0.01028
rs2257613	24997	0.03499	0.02084
rs141715458	25000	0.02419	0.02973
rs2279699	24996	0.03244	0.01737
rs146247868	25000	0.02419	0.02973
rs2262082	24996	0.03257	0.01736
rs3875144	24960	-0.004384	0.01231
rs3875145	24819	0.01403	0.009568
rs4803367	25000	0.0201	0.02976
rs2287691	24949	-0.004993	0.01232
rs2644917	24997	0.03452	0.02084
rs562634177	24856	0.02833	0.03054
rs113692005	24841	0.07546	0.03109
rs77510272	24888	0.04245	0.02284
rs538174066	24983	0.02602	0.02979
rs142449117	24993	0.02603	0.02979
rs17726258	25000	0.03723	0.02099
rs2545774	24925	0.003612	0.01026
rs2545777	24996	0.03466	0.02084
rs2545778	24996	0.03466	0.02084
rs12973666	25000	0.01036	0.008983
rs2287692	24964	-0.004306	0.01267
rs144671269	24759	0.0008	0.00914
rs56891752	24991	0.03586	0.02087
rs17726276	24881	0.009555	0.009001
rs10405633	24930	-0.004998	0.01233
rs74628863	24989	0.03321	0.02091
rs2604895	24852	0.003343	0.01027
rs2545755	24853	0.006975	0.01029
rs2604893	24903	0.005836	0.01028
rs113557544	24982	0.02389	0.02912
rs34842744	24944	0.0179	0.01065
rs62108988	24930	0.02007	0.04099
rs7245595	24920	-0.01627	0.009515
rs10403040	24966	-0.002524	0.01223
rs2604911	24955	0.01479	0.01108
rs149054197	24802	0.04183	0.0201
rs113336186	24984	0.01896	0.02918
rs73047068	24961	0.007954	0.01222
rs10411008	25000	-0.002637	0.01222
rs2604910	24963	0.01525	0.01108
rs2545757	24909	0.005901	0.01028
rs2545758	24903	0.005951	0.01029
rs2604909	24968	0.01542	0.01108
rs79183029	25000	0.04965	0.02568
rs12151282	24986	-0.01719	0.009503
rs2644898	25000	0.005717	0.01025
rs73047073	25000	0.008199	0.01225
rs758361263	24975	-0.01748	0.009508
rs111684981	25000	0.02156	0.02907
rs2545760	24993	0.03216	0.02091
rs35858034	24986	-0.01761	0.009503
rs149755483	25000	0.0206	0.02912
rs28660501	24989	-0.003282	0.01223
rs767044178	24972	-0.0177	0.009504
rs78469339	24863	-0.003279	0.01337
rs60533951	24991	0.03208	0.02092
rs7249450	24982	0.005594	0.01025
rs7251781	25000	0.02156	0.02907
rs7252227	25000	0.002852	0.009113
rs10413760	24975	-0.003273	0.01225
rs4803368	24978	0.004933	0.01027
rs149397079	25000	0.0206	0.02912
rs117947334	25000	0.0206	0.02912
rs45600135	25000	0.0206	0.02912
rs34205730	25000	-0.0173	0.009511
rs7937	25000	0.004742	0.00906
rs11374098	24983	0.01933	0.02906
rs2644899	24873	0.006525	0.009995
rs2644900	24996	0.002214	0.00912
rs116842098	24816	-0.02431	0.02738
rs148832191	24953	0.03597	0.02096
rs376020782	24910	-0.002816	0.01228
rs192477377	24951	0.03651	0.02097
rs34406232	25000	0.02429	0.02868
rs2545761	24971	0.03266	0.02094
rs11547373	24850	-0.01416	0.009432
rs61750953	25000	0.01036	0.03697
rs2545763	24980	0.03375	0.02095
rs3776611	24927	-0.01663	0.009397
rs73047085	24938	0.00629	0.01223
rs76403165	24942	0.005924	0.01223
rs117391664	25000	0.04288	0.03042
rs2644916	24931	0.005157	0.01043
rs11666504	24945	0.005972	0.01223
rs118038652	25000	0.03488	0.02129
rs117851058	25000	0.0522	0.03032
rs202019459	24978	0.003375	0.01042
rs146599486	24813	-0.03323	0.04301
rs3733829	25000	-0.01599	0.009387
rs3733828	25000	0.009229	0.009841
rs117821847	25000	0.04288	0.03042
rs117139969	25000	0.03863	0.03044
rs10416308	24925	-0.002404	0.01247
rs76443752	24923	0.006889	0.01225
rs3736329	25000	-0.01574	0.009385
rs144553930	25000	0.04288	0.03042
rs761746320	24912	0.04104	0.03184
rs10405596	24896	-0.002895	0.0125
rs4802090	24989	-0.01608	0.009383
rs4802091	25000	-0.01558	0.009386
rs149812270	24999	0.04289	0.03042
rs73047100	24851	0.005642	0.01226
rs4803369	24960	-0.01576	0.00939
rs141353121	24969	0.03476	0.02141
rs11668644	24845	0.003748	0.01047
rs35061187	24847	-0.01309	0.009466
rs4803370	24862	0.04767	0.03142
rs2644915	25000	0.0345	0.02091
rs2604866	24996	0.03131	0.02093
rs140817220	24872	0.05284	0.03116
rs147893869	24863	0.0538	0.03122
rs2545766	24961	0.02781	0.02104
rs2644888	24957	0.02457	0.02106
rs140878064	24782	0.04793	0.03179
rs2604868	24993	0.03106	0.02091
rs2545771	24997	0.0309	0.0209
rs2545772	25000	0.03077	0.02087
rs8100454	24906	-0.02472	0.02418
rs34842714	25000	-0.005997	0.009972
rs11879672	25000	-0.02854	0.02339
rs28483485	24988	-0.02624	0.02345
rs57721385	24814	0.005197	0.01821
rs111689747	24874	0.04976	0.0429
rs2644890	24822	0.01194	0.01773
rs73048936	25000	0.01583	0.02909
rs11878604	24874	-0.02924	0.01763
rs34410235	24766	0.0205	0.01793
rs4803378	25000	0.06992	0.03084
rs11881918	24929	-0.02857	0.01776
rs2644891	24823	-0.01485	0.009618
rs7255471	24864	0.01294	0.009887
rs144002017	24990	0.07736	0.03064
rs74719953	24938	0.00565	0.01837
rs116064259	24942	0.005135	0.01837
rs143303864	24993	0.07879	0.03068
rs55978439	25000	0.01081	0.01072
rs77914443	24942	0.00523	0.01837
rs11670760	25000	0.001541	0.01001
rs7248461	24919	0.01377	0.01756
rs10408411	24901	-0.01982	0.01029
rs10406996	24919	0.01335	0.01756
rs148434100	24950	-0.04073	0.03673
rs11879413	24982	-0.02787	0.01767
rs8107294	24920	0.01388	0.0175
rs3852867	24890	0.01458	0.009052
rs3852868	24897	0.01427	0.009051
rs3865453	25000	-0.02666	0.01763
rs66889044	24893	0.01288	0.009388
rs28744583	24948	0.0133	0.01749
rs11667982	24917	0.0229	0.01238
rs2258314	24974	-0.0278	0.01768
rs143200968	24986	0.06962	0.03101
rs2258380	25000	0.01094	0.01073
rs114811084	24931	-0.0705	0.04318
rs7247231	24962	-0.0008925	0.01318
rs7246188	25000	0.0002482	0.01316
rs12459249	24923	-0.02459	0.00956
rs142379023	24978	-0.00898	0.01689
rs139968700	24977	-0.008895	0.01688
rs11083569	24829	-0.02462	0.009563
rs56007948	24834	0.008453	0.01021
rs10853742	24956	-0.02472	0.009543
rs12327581	24981	0.0171	0.01763
rs34945948	24969	0.003282	0.01272
rs28450491	24981	0.01665	0.01763
rs11667314	24964	-0.0246	0.009541
rs12461964	24921	0.01399	0.009011
rs117287096	25000	0.07757	0.03058
rs7251418	25000	-0.02311	0.01015
rs115337625	25000	-0.005592	0.01676
rs7251570	24944	-0.02483	0.009545
rs150719694	24991	-0.009393	0.01688
rs117593859	24947	0.001703	0.01847
rs186051747	24981	0.07539	0.03074
rs3865454	24939	-0.0249	0.009545
rs145580088	24986	0.06861	0.03093
rs142250066	24895	-0.006693	0.04446
rs773213095	24966	-0.009059	0.01688
rs7252302	25000	0.004733	0.0127
rs187795779	24965	0.07747	0.03117
rs12985907	24939	0.005384	0.01068
rs187430990	24978	0.08058	0.03084
rs12986371	24896	-0.0228	0.01016
rs76112798	24968	-0.02161	0.01848
rs11668399	24842	-0.02223	0.0102
rs11672809	24988	0.01267	0.01765
rs8110214	24920	-0.005308	0.01106
rs4343391	24874	-0.02248	0.01019
rs111500321	24831	-0.003841	0.01724
rs117422348	25000	0.07186	0.02983
rs142820377	24946	-0.006534	0.01697
rs7246742	25000	-0.003403	0.01319
rs112292570	24986	0.07658	0.03062
rs7249723	24946	-0.007961	0.01694
rs11083571	24820	-0.02187	0.01021
rs150944685	24930	0.07516	0.03093
rs2259219	25000	-0.007492	0.01667
rs2002975	24976	-0.008188	0.0168
rs2002976	24965	0.00176	0.01836
rs2002977	25000	-0.004263	0.01663
rs28399462	24944	0.06982	0.03079
rs28399459	24971	0.07177	0.03133
rs8192729	25000	-0.007658	0.01679
rs4803380	24977	0.07755	0.03086
rs55971367	24957	0.01987	0.01795
rs72549444	24996	0.07657	0.03085
rs58571639	25000	-0.006822	0.008977
rs2644906	25000	0.01359	0.02486
rs4514794	24990	-0.008538	0.0168
rs4079369	24987	-0.007677	0.0168
rs1809811	24949	-0.009793	0.01692
rs28399448	24983	0.07423	0.03119
rs56113850	24809	-0.01772	0.00914
rs56267346	24841	0.001361	0.01227
rs56100930	24879	-0.009232	0.01674
rs55921593	24998	0.07374	0.03122
rs28399443	25000	0.0777	0.03157
rs28399442	25000	0.07059	0.03108
rs8192726	24918	-0.02592	0.0187
rs8192725	24910	-0.02253	0.01031
rs368499260	24752	-0.0221	0.01918
rs7250713	24820	-0.006441	0.009115
rs56283800	25000	-0.006224	0.01677
rs28399435	25000	-0.01371	0.02114
rs1137115	25000	-0.02265	0.01007
rs28399433	24872	-0.02492	0.01842
rs147001205	24793	0.03394	0.02807
rs61663607	24914	-0.004391	0.01651
rs2644914	24838	-0.02099	0.01008
rs60908035	24791	-0.005963	0.01691
rs62108999	24966	-0.01421	0.02148
rs11882754	24953	-0.006487	0.0167
rs11665953	24873	-0.01913	0.04424
rs140955303	24958	-0.01544	0.02153
rs113288603	24911	-0.00457	0.01648
rs10404667	24945	-0.02361	0.01005
rs12974496	24774	-0.02073	0.009362
rs117503862	24882	-0.02457	0.04412
rs8102683	25000	-0.02073	0.009987
rs11671041	25000	0.0221	0.01748
rs8105704	25000	-0.02274	0.009992
rs7256108	25000	-0.004314	0.01632
rs77082826	24882	0.03528	0.01965
rs7255443	24996	-0.006444	0.01637
rs7255616	24941	0.002867	0.0181
rs1496402	24931	-0.01932	0.009286
rs8102900	24925	-0.01917	0.009283
rs12610432	24973	-0.02149	0.009999
rs113639491	24987	-0.006523	0.01637
rs138499028	24938	0.003616	0.01803
rs2431410	24979	-0.00712	0.0164
rs4001920	24834	0.01846	0.01783
rs111272925	24897	-0.02312	0.01863
rs376156220	24954	-0.005757	0.0164
rs6508949	24882	-0.009435	0.01268
rs111240159	25000	0.05618	0.04052
rs7247903	25000	-0.01884	0.01817
rs146298249	24877	0.00798	0.04092
rs6508950	25000	0.003355	0.01621
rs58852729	24969	-0.007863	0.01641
rs57893589	25000	-0.003309	0.01618
rs79300568	25000	-0.0312	0.02756
rs71358943	25000	0.009344	0.01935
rs75152309	25000	-0.01741	0.01818
rs150890087	24879	-0.00239	0.01997
rs74493998	25000	-0.01084	0.0168
rs111390860	25000	-0.006419	0.02596
rs2302987	24895	0.01509	0.01064
rs2302988	24903	-0.02569	0.01015
rs16958956	24900	-0.0267	0.01016
rs113594185	24995	-0.01093	0.01683
rs34615895	24961	-0.009001	0.008852
rs34457531	24758	-0.02676	0.01017
rs138593323	24990	-0.01153	0.01684
rs3869579	25000	-0.009414	0.008847
rs117244518	25000	0.00895	0.02346
rs4079370	24947	0.02655	0.01237
rs2909906	24946	-0.02416	0.01014
rs2935235	24983	-0.008944	0.008849
rs10404300	24955	-0.02501	0.01013
rs10402703	24956	-0.02503	0.01013
rs113986398	24779	-0.002224	0.01547
rs4453619	25000	-0.01215	0.01674
rs4079367	24984	-0.008987	0.008849
rs4079366	24965	-0.02533	0.01014
rs12981337	24902	0.008916	0.01884
rs4803389	24975	-0.009138	0.008852
rs4803390	24978	-0.008524	0.00885
rs7250490	25000	-0.009769	0.01676
rs4803391	24977	-0.00882	0.00885
rs12982395	24820	-0.008496	0.008875
rs28619553	24821	-0.00866	0.008876
rs2644904	24980	-0.008836	0.00885
rs2316215	24821	-0.009174	0.008907
rs2545781	24943	-0.026	0.01014
rs12982314	24948	-0.02549	0.01014
rs12975382	24951	-0.009462	0.008855
rs12973598	24961	-0.009032	0.008854
rs73032311	25000	0.02466	0.01237
rs4142867	25000	-0.007146	0.008879
rs73032316	24985	0.02635	0.01235
rs3815704	24981	-0.008576	0.008849
rs3815706	24986	0.02641	0.01235
rs56081734	25000	-0.0086	0.008842
rs3815708	24794	-0.008968	0.008889
rs3815709	24794	-0.008968	0.008889
rs58798281	24806	-0.008589	0.008893
rs71337574	24922	-0.009117	0.008857
rs74219554	24922	-0.009117	0.008857
rs3815714	24980	-0.00879	0.008846
rs61482096	24958	-0.006552	0.008977
rs111304976	25000	-0.01072	0.01678
rs113747053	24999	-0.01176	0.0168
rs11669113	24838	-0.008704	0.008899
rs28475084	24960	0.01139	0.01874
rs66882672	25000	0.02598	0.01231
rs10424834	24899	-0.008334	0.008877
rs67808403	25000	0.02397	0.01232
rs10425150	24929	-0.007173	0.009031
rs10425169	24918	-0.007542	0.009034
rs10425176	24918	-0.007615	0.009035
rs10425185	24870	-0.02889	0.01045
rs116439249	25000	0.01036	0.01905
rs11881400	24985	0.01183	0.01904
rs4803393	24955	-0.009905	0.009195
rs3797218	25000	-0.008252	0.00904
rs79809963	24989	0.023	0.01268
rs28602288	24971	-0.02197	0.009486
rs28427254	24994	-0.008331	0.009033
rs76734307	24978	0.02215	0.01268
rs11083580	24914	-0.008593	0.009047
rs73032332	24993	0.02392	0.01269
rs79228693	24919	0.01077	0.01084
rs11083581	24876	-0.02147	0.01014
rs141144155	24946	-0.01551	0.01716
rs576100986	24937	0.07029	0.03236
rs115416981	24990	0.02304	0.01267
rs111895432	24816	0.02203	0.01265
rs4802095	25000	-0.01086	0.009188
rs75643627	24984	0.01176	0.01904
rs2260140	24949	0.005434	0.009095
rs11665969	24962	-0.008228	0.009044
rs143266085	24975	-0.01247	0.01727
rs3875155	24966	0.02269	0.01269
rs141949574	24987	0.07135	0.03123
rs10421888	24961	-0.008258	0.009043
rs10423695	24916	-0.007119	0.009054
rs3875159	24928	-0.007947	0.009049
rs79600176	25000	0.07802	0.03108
rs139555583	24934	-0.002469	0.01987
rs10521014	25000	0.009704	0.01906
rs7246658	24965	0.01998	0.01055
rs75058934	24985	0.02378	0.01269
rs28503746	24965	-0.008092	0.009043
rs3909341	24963	-0.008093	0.009044
rs4105143	24934	-0.008841	0.009044
rs4105142	24963	-0.008093	0.009044
rs115413979	24996	0.0126	0.01905
rs4105141	24961	0.005818	0.009097
rs79124381	24994	0.01178	0.01904
rs5007415	24957	0.005714	0.009099
rs10410750	24962	-0.008092	0.009044
rs117683060	24998	0.074	0.03115
rs10411264	24956	0.005831	0.009098
rs67421541	24956	-0.008184	0.009044
rs79614850	24985	0.02378	0.01269
rs10418318	24958	-0.008577	0.009044
rs28472879	24948	0.005599	0.009099
rs11083582	24955	-0.008109	0.009044
rs71358947	24846	0.01915	0.02181
rs113421706	24980	-0.01217	0.01727
rs3909342	24955	-0.008225	0.009045
rs74502074	24951	0.02418	0.01271
rs4803397	24933	-0.03015	0.01042
rs10406188	24951	0.005739	0.009099
rs3852870	24953	-0.008106	0.009045
rs8103288	24944	0.005233	0.0091
rs8103444	24905	-0.03021	0.01042
rs8106551	24907	-0.03035	0.01042
rs117284921	25000	0.03689	0.02547
rs35809263	24988	0.01397	0.01904
rs12609161	24798	0.01958	0.01061
rs143650967	24791	0.04476	0.0358
rs10414481	24940	0.005488	0.009101
rs11667931	24859	-0.01505	0.04346
rs11668664	24983	0.0143	0.01909
rs3865457	24932	0.005001	0.009102
rs12611183	24901	0.02326	0.01275
rs76297159	24897	0.02318	0.01275
rs113919192	24903	-0.00214	0.02612
rs9630869	24914	-0.01689	0.0169
rs11880938	24974	0.01417	0.01901
rs12609982	24854	0.0237	0.01279
rs12608615	24866	0.02399	0.01276
rs34127861	24860	0.02169	0.01277
rs12982060	24977	0.01534	0.01912
rs12984358	24976	0.01543	0.01912
rs9630870	24937	-0.01944	0.01755
rs11878463	24977	0.01512	0.01911
rs4803398	24828	-0.01093	0.009227
rs3956342	24877	-0.0293	0.01044
rs559555518	24909	0.008538	0.01932
rs6508953	24923	-0.01036	0.00921
rs7252852	24999	-0.009143	0.009034
rs12460054	24850	0.02219	0.01281
rs562057162	24926	0.06215	0.03205
rs11083583	24857	-0.01086	0.009221
rs145338994	24824	-0.05171	0.04646
rs10419393	25000	-0.009336	0.009034
rs34050311	24934	0.01706	0.0192
rs34981426	24814	0.02298	0.02196
rs7343061	24992	-0.009231	0.009036
rs4803400	25000	-0.009044	0.009034
rs17726493	24857	0.02386	0.01274
rs117540499	24967	0.07233	0.03118
rs41478352	24829	0.02477	0.01275
rs7254188	24935	0.006355	0.009092
rs73555357	24944	0.01446	0.01911
rs10416968	24992	-0.008863	0.009035
rs73931391	24961	0.07574	0.03113
rs62109001	25000	-0.03615	0.02163
rs113921300	24954	-0.04941	0.03527
rs7258590	24783	-0.007783	0.009076
rs12974293	24910	0.01495	0.0193
rs71358948	24868	0.01625	0.01946
rs76558089	24984	0.03886	0.03591
rs117051423	25000	0.04767	0.03582
rs113344195	24971	-0.06596	0.04555
rs16974677	24771	-0.04658	0.04574
rs8109507	24835	0.01014	0.01955
rs184589612	24889	0.0922	0.03736
rs142659926	24846	0.1169	0.03452
rs8100418	24820	-0.002715	0.009416
rs17656995	25000	0.03878	0.03595
rs3852872	24764	-0.01778	0.01034
rs3852873	24761	-0.01763	0.01034
rs146260021	24839	-0.001722	0.009392
rs56129017	24999	-0.002761	0.009372
rs73034462	25000	-0.002734	0.00937
rs191729317	24946	-0.03425	0.04373
rs140387699	24882	0.1105	0.03447
rs73034465	24998	-0.002768	0.009372
rs76935404	24996	-0.002709	0.009372
rs10419450	24808	-0.01736	0.01033
rs10420231	24810	-0.01749	0.01033
rs2161245	24989	-0.002374	0.009374
rs138795481	24895	0.11	0.03427
rs4500872	24850	-0.01747	0.01032
rs4359558	24924	-0.002373	0.009391
rs146815202	24899	0.1098	0.03427
rs111816664	24752	0.009671	0.02293
rs4468739	24984	-0.002355	0.009374
rs151028083	24888	0.1075	0.03422
rs140946384	24847	0.1196	0.042
rs4001945	24899	-0.01748	0.01032
rs138937335	24902	0.1048	0.03407
rs4001944	24982	-0.001867	0.009374
rs4001943	24962	-0.0191	0.01027
rs55779134	24959	-0.002454	0.009379
rs4001940	24745	-0.006496	0.01311
rs4090553	24979	-0.01884	0.01028
rs113858922	24939	-0.03496	0.03559
rs10406801	24743	-0.006474	0.01311
rs12459565	24983	-0.01877	0.01028
rs28417358	24961	-0.002505	0.009379
rs3933911	24984	-0.01866	0.01028
rs11083590	24984	-0.01866	0.01028
rs11083591	24754	0.008478	0.02296
rs73555393	24742	-0.006419	0.01312
rs11668711	24742	-0.006419	0.01312
rs11083592	24752	0.008634	0.02296
rs11668869	24754	0.008557	0.02296
rs146979430	24935	-0.01125	0.04303
rs11668870	24752	0.008605	0.02295
rs117258526	24909	0.1053	0.03403
rs117697721	24902	0.1143	0.03402
rs11671237	24737	-0.006847	0.01313
rs3844443	25000	-0.01872	0.01028
rs145365541	24900	0.1142	0.03404
rs137870022	24900	0.1142	0.03404
rs149613261	24962	-0.06423	0.04547
rs148739437	24900	0.1143	0.03403
rs12151139	24919	-0.002476	0.009389
rs4609955	24918	-0.002522	0.00939
rs3843043	24975	-0.01914	0.01028
rs3844444	24974	-0.01919	0.01028
rs145387799	24901	0.1143	0.03403
rs12150973	24946	-0.00301	0.009382
rs7255901	24946	-0.00301	0.009382
rs143051365	24902	0.114	0.03406
rs1820025	24978	-0.01918	0.01028
rs77573739	24802	-0.01122	0.02508
rs7249124	24994	-0.01877	0.01028
rs146452352	24899	0.1162	0.0341
rs138379656	24877	0.1001	0.03024
rs150647301	24881	0.1003	0.03022
rs186422056	24824	-0.09386	0.0385
rs4802097	24975	-0.003043	0.01342
rs112819506	25000	0.09692	0.02917
rs4803407	25000	-0.003694	0.01341
rs138116565	24987	0.1025	0.02957
rs146037066	24966	0.1027	0.03004
rs140318071	24790	-0.03041	0.03825
rs150258088	24869	0.1013	0.03129
rs370764878	24764	0.09469	0.03279
rs4124633	24818	-0.0016	0.01041
rs3852875	24852	-0.003272	0.0103
rs3745220	25000	-0.004435	0.01034
rs117456811	24771	-0.01913	0.03123
rs3844446	24940	-0.02129	0.01398
rs3844447	24946	-0.02265	0.01398
rs3844448	24953	-0.02272	0.01399
rs3844449	24940	-0.02169	0.01398
rs4062238	24817	-0.003173	0.009317
rs4560022	24897	-0.00707	0.009317
rs4560023	24901	-0.007608	0.009318
rs7251436	24909	-0.007487	0.009315
rs57339473	25000	-0.02199	0.01393
rs4239511	24915	-0.00738	0.009316
rs7259806	24885	0.02731	0.01046
rs4802099	24867	-0.01216	0.009418
rs12972933	24936	-0.006873	0.009312
rs112243436	24914	0.04821	0.04093
rs1132886	24874	0.02719	0.01046
rs117694034	24783	-0.02147	0.02333
rs4803408	25000	0.01697	0.03443
rs117061792	24828	-0.009527	0.03109
rs71175658	24839	0.02766	0.01046
rs71358950	24828	0.02861	0.0105
rs4322765	24991	-0.007851	0.009304
rs3889806	25000	-0.007622	0.0093
rs11667592	24890	-0.003389	0.01049
rs7256675	24928	-0.02068	0.01421
rs8109818	24893	0.02483	0.01033
rs11673582	24902	-0.01185	0.009409
rs76892312	25000	0.01371	0.02702
rs58436969	24950	-0.007989	0.009313
rs2316319	24877	-0.01282	0.009413
rs185103662	24787	0.008825	0.04182
rs4803410	24904	-0.02071	0.01419
rs4803411	24935	-0.007691	0.009308
rs10410037	24800	0.02871	0.01051
rs10417579	24809	-0.009659	0.009253
rs11673114	24887	-0.007315	0.00931
rs146934669	24814	-0.006722	0.009348
rs12459237	24876	-0.0399	0.03501
rs79018919	25000	0.02163	0.03769
rs10406402	24829	0.02765	0.01047
rs117517425	25000	0.04039	0.03993
rs117691729	24980	0.00251	0.02769
rs953490	24882	-0.02107	0.01426
rs1017384	24758	0.02817	0.01052
rs12978065	24853	-0.01249	0.009418
rs61505259	24877	-0.02132	0.01427
rs60787096	24874	-0.01983	0.01426
rs9676294	24831	-0.006648	0.009333
rs9676346	24790	-0.007158	0.009293
rs10419680	24832	0.02743	0.01047
rs11881340	24749	0.02321	0.01133
rs59300404	24854	-0.01259	0.009417
rs57755489	24854	-0.01259	0.009417
rs58094757	24802	-0.006628	0.009345
rs7256851	24874	-0.01987	0.01426
rs882808	24876	-0.01284	0.009414
rs1104854	24879	-0.01283	0.009413
rs11667025	24901	-0.01301	0.009409
rs11671151	24933	-0.005584	0.0105
rs11671108	24938	-0.005487	0.0105
rs12984343	24891	0.03386	0.02112
rs7251950	25000	-0.01	0.009673
rs117118313	24788	0.0102	0.04241
rs73037210	25000	-0.0325	0.04578
rs111390768	24902	-0.01278	0.009581
rs12971445	24910	-0.01308	0.009577
rs77159062	24875	-0.01933	0.01707
rs1808002	24872	-0.01115	0.009634
rs8106966	24900	0.01736	0.01047
rs4803413	24890	-0.01055	0.009628
rs137856777	24989	0.02409	0.03768
rs8106911	24900	0.01736	0.01047
rs4803414	24891	-0.01013	0.009626
rs55721612	24884	-0.01178	0.009557
rs12980661	24988	0.03018	0.02177
rs117451320	25000	-0.003699	0.02321
rs112295467	25000	0.07043	0.03613
rs11083595	24919	0.01714	0.01047
rs1808682	25000	-0.00463	0.01048
rs892216	24908	-0.01198	0.009564
rs10418990	24866	-0.002222	0.009143
rs8109525	24921	-0.01109	0.009634
rs7257854	24911	-0.0125	0.009563
rs35659050	24935	-0.002991	0.0105
rs7254579	24860	-0.0104	0.009642
rs3760657	24816	-0.02034	0.01669
rs2054675	24927	0.01721	0.01047
rs4802100	24792	-0.02056	0.0167
rs4802101	24803	-0.002031	0.009149
rs8192709	25000	0.02817	0.02173
rs1872122	24855	-0.01047	0.009644
rs2099361	24805	-0.007445	0.009339
rs6508963	24855	-0.01069	0.009638
rs2014141	24804	-0.001719	0.009152
rs8192711	24996	0.02972	0.02175
rs8100458	24850	-0.01031	0.009641
rs117398851	25000	0.04961	0.03108
rs59243457	24934	0.0141	0.01035
rs1872123	24835	0.01276	0.01039
rs1872124	24832	0.01552	0.01051
rs1872125	24938	0.01692	0.01046
rs8101756	24943	0.01445	0.01035
rs6508964	24790	-0.001519	0.009154
rs8104022	24948	0.01652	0.01046
rs10409285	24946	0.01416	0.01034
rs4803416	24786	-0.002006	0.009153
rs4802103	24817	-0.009746	0.009638
rs62109048	24952	0.01655	0.01046
rs7251624	24916	0.01436	0.01037
rs7250745	24919	0.01464	0.01037
rs7250873	24967	0.01368	0.01034
rs7250991	24973	0.01381	0.01034
rs16974799	24979	0.01397	0.01034
rs79472458	25000	-0.02254	0.02976
rs62109049	24983	0.01398	0.01033
rs201798198	24977	0.01291	0.01033
rs199696183	24980	0.01303	0.01033
rs10424026	24993	0.01688	0.01045
rs34801721	24974	0.02966	0.0218
rs2873265	24831	-0.01032	0.009641
rs2873264	24831	-0.009994	0.009644
rs74833194	24978	0.01197	0.02734
rs3786547	25000	0.01642	0.01045
rs2200237	24991	0.01359	0.01033
rs11881991	24914	0.01379	0.01036
rs34353716	24862	0.02388	0.03817
rs4803417	24762	0.0001035	0.009158
rs10500282	24816	0.01368	0.01016
rs11672911	24775	-0.01043	0.009956
rs75833439	24899	-0.03204	0.0447
rs10403955	24818	0.01222	0.01013
rs2279341	24952	0.02972	0.0218
rs4803418	25000	-0.01144	0.009899
rs12985017	24944	0.03257	0.02185
rs12985269	24944	0.03204	0.02186
rs4803419	24977	-0.01366	0.009881
rs3745274	24929	0.01518	0.01044
rs78313984	24942	0.01558	0.01044
rs75446511	24945	0.01556	0.01044
rs7257042	24896	-0.003642	0.009217
rs111688353	25000	0.08041	0.03587
rs7260538	24926	0.001387	0.009078
rs10401737	25000	0.01694	0.01039
rs10426663	24976	0.01514	0.0104
rs4061281	24981	0.01541	0.01039
rs202050252	24978	0.01568	0.01039
rs2279344	24898	-0.003798	0.009223
rs2279345	24899	-0.003852	0.009221
rs2306606	24980	0.01607	0.01039
rs34906003	24980	0.01711	0.01039
rs11882424	24951	0.02974	0.02198
rs34830389	24809	0.01527	0.01048
rs35679971	24948	0.02904	0.02198
rs6508965	24898	-0.003722	0.009221
rs35323827	24931	0.02707	0.02194
rs6508966	24900	-0.00377	0.009221
rs7246456	24992	0.01614	0.01039
rs12721656	25000	-0.008839	0.02718
rs8192719	25000	0.01583	0.01038
rs34677607	25000	-0.003759	0.009318
rs33967301	24946	0.02763	0.02199
rs11671243	24897	-0.003795	0.009216
rs11882450	24945	0.02754	0.02199
rs7255561	24918	0.01619	0.01041
rs7255374	24864	0.01957	0.009921
rs11673270	24877	0.0155	0.01043
rs35295514	24925	0.02691	0.02201
rs4802104	24935	-0.01372	0.009929
rs7259965	24876	0.01642	0.01043
rs7260329	25000	-0.01588	0.009835
rs8109848	24816	-0.01118	0.009971
rs2291287	24908	0.02596	0.02205
rs4803420	24829	-0.01584	0.01632
rs28969420	24889	0.02786	0.02192
rs56777936	24982	-0.01237	0.01623
rs58312733	24984	-0.01021	0.01625
rs61073883	25000	-0.013	0.01624
rs36002231	24897	0.02298	0.0219
rs34299754	24897	0.02298	0.0219
rs35131519	24751	0.005142	0.009345
rs77484259	24968	-0.01393	0.01624
rs73559297	24897	0.02314	0.02189
rs58380651	24966	-0.01418	0.01624
rs73039224	25000	-0.03951	0.03412
rs35246205	24895	0.02909	0.02185
rs732738	24776	0.007122	0.009348
rs71358957	24917	0.0234	0.02218
rs7255904	24790	0.009438	0.00917
rs10421701	24879	0.006012	0.009328
rs10420194	24879	0.005935	0.009328
rs35457902	24918	0.02422	0.02213
rs76594250	24877	-0.01296	0.01574
rs12971357	24919	0.02238	0.02218
rs10401226	24909	0.01053	0.00998
rs12971648	24914	0.02199	0.02216
rs3895941	24895	0.006055	0.009327
rs11083596	24929	0.01109	0.009982
rs139055322	24947	-0.007415	0.01645
rs11666982	24753	0.008632	0.009146
rs11670798	24818	-0.01164	0.009332
rs11670865	25000	0.009961	0.009996
rs35930845	24769	0.007559	0.01118
rs7249735	25000	0.01081	0.009989
rs3745275	24956	0.009624	0.01002
rs3745276	24829	-0.01144	0.009333
rs7254767	24907	-0.001176	0.01202
rs3745277	24835	0.003771	0.01098
rs434606	24933	0.005341	0.01125
rs7255146	24989	0.003532	0.01222
rs62120870	24889	0.004853	0.01127
rs12975533	24943	0.01887	0.022
rs11879790	24943	0.003926	0.01221
rs10419321	24984	0.003148	0.01222
rs10420699	24991	0.003577	0.01222
rs10424716	24992	0.003619	0.01222
rs10426482	24992	0.003619	0.01222
rs10424952	24990	0.003771	0.01222
rs8192785	24909	0.002654	0.0123
rs10425152	24979	0.003497	0.01222
rs10425384	24980	0.004315	0.01222
rs11673685	24992	0.003619	0.01222
rs34855348	24869	0.005363	0.01098
rs8103372	24996	0.003636	0.01222
rs8102557	24996	0.003636	0.01222
rs8102771	24996	0.003636	0.01222
rs8103097	24996	0.003579	0.01222
rs11670678	24990	0.003417	0.01221
rs35302051	24947	0.01845	0.02199
rs17726861	24912	0.002785	0.01128
rs62120871	24885	0.003266	0.01128
rs28671673	24999	0.002842	0.01221
rs10413524	24995	0.001908	0.01222
rs17799912	24854	0.006171	0.011
rs10415473	24967	0.0008796	0.01225
rs11667928	24999	0.002771	0.01221
rs11667951	24922	0.0002549	0.01202
rs17799942	24952	0.004631	0.01125
rs16974878	24995	0.001908	0.01222
rs12979875	24842	0.008042	0.01115
rs10421597	24995	0.001908	0.01222
rs10422829	24995	0.001908	0.01222
rs10421834	24999	0.002842	0.01221
rs10422282	24999	0.002842	0.01221
rs10422151	25000	0.002554	0.01221
rs10423743	24999	0.002842	0.01221
rs7257703	24925	-0.0117	0.009307
rs10422729	24999	0.002842	0.01221
rs10402037	24997	0.002751	0.01222
rs10402611	24990	0.002838	0.01222
rs10402070	24989	0.003022	0.01222
rs10403268	24988	0.002357	0.01222
rs10403140	24986	0.002856	0.01222
rs10403330	24986	0.002879	0.01222
rs10404959	25000	-0.01191	0.009218
rs574228150	24798	0.005284	0.01114
rs17726963	25000	0.004833	0.01124
rs10410867	24986	0.002879	0.01222
rs10409701	24986	0.002879	0.01222
rs4803421	24993	0.004424	0.01124
rs10409738	24985	0.002866	0.01222
rs4802105	24982	0.004524	0.01125
rs10409585	24985	0.002866	0.01222
rs10410347	24985	0.002866	0.01222
rs34301606	24847	0.009152	0.01111
rs12982859	25000	0.007046	0.011
rs1080235	24850	0.002374	0.01233
rs1080234	24854	0.002798	0.01232
rs7257645	24974	-0.02145	0.0115
rs7257660	24972	-0.02128	0.0115
rs11673238	24981	-0.02143	0.0115
rs58657125	25000	-0.02179	0.01149
rs55849132	24938	-0.02112	0.01156
rs78583798	24957	-0.01881	0.03323
rs55927443	25000	0.009042	0.01548
rs138741511	24801	-0.1399	0.04368
rs73933732	24953	0.03593	0.02289
rs117173489	24992	-0.01184	0.03281
rs111893003	25000	0.03664	0.02266
rs11672352	24891	-0.02105	0.0116
rs147459642	24997	-0.009273	0.03271
rs113335154	24980	0.03241	0.02283
rs117285552	25000	0.001101	0.02185
rs140699087	24985	0.001349	0.02192
rs76925083	25000	-0.0115	0.0326
rs542740606	24998	-0.008627	0.03271
rs561958887	24804	0.02351	0.03734
rs529050635	24804	0.02351	0.03734
rs12461586	24997	-0.008504	0.03271
rs113161508	24982	0.03127	0.02285
rs16974674	25000	0.0318	0.02275
rs118157803	25000	-0.01292	0.03265
rs61746978	25000	0.03217	0.02278
rs11878405	24958	0.0349	0.02285
rs12459181	25000	-0.01168	0.03268
rs35910824	24997	0.03003	0.02264
rs11881617	24998	0.03005	0.02264
rs56688363	25000	0.02867	0.02262
rs111882779	24999	0.03001	0.02264
rs144176888	24956	-0.01074	0.03262
rs12460494	24864	-0.01917	0.01661
rs61738613	24901	0.03492	0.02353
rs1114979	24813	-0.01856	0.009817
rs12978001	24750	-0.01292	0.01084
rs10500283	24833	-0.01708	0.009809
rs117955420	25000	0.02499	0.01907
rs7249063	24830	-0.01855	0.009815
rs62117379	24866	-0.01932	0.0166
rs7252786	24835	-0.01811	0.009809
rs62117380	24882	-0.02234	0.01898
rs1820178	24851	-0.01724	0.009804
rs117215870	25000	-0.01861	0.02648
rs2316734	24852	-0.01867	0.009809
rs11083605	24783	-0.01284	0.01081
rs8100612	24803	-0.01198	0.01079
rs8104907	24902	-0.01905	0.009799
rs8105353	24860	-0.01415	0.01082
rs7256289	24866	-0.01439	0.01082
rs11669312	24933	-0.01802	0.009782
rs62117383	24882	-0.01887	0.01645
rs7245443	24873	-0.01375	0.01081
rs34150638	24921	-0.01939	0.00979
rs11673698	24887	-0.01396	0.01082
rs202055073	24861	-0.02114	0.01653
rs8103299	24894	-0.01356	0.0108
rs8103461	24831	-0.01648	0.009806
rs8104297	24841	-0.01704	0.009804
rs11083606	25000	-0.01095	0.01079
rs11083607	25000	-0.01778	0.009771
rs11672085	24935	-0.01954	0.009826
rs17657441	25000	-0.02898	0.03175
rs62117384	24875	-0.02456	0.01724
rs16974950	24889	-0.01977	0.009843
rs7343168	24810	-0.01938	0.009861
rs7258296	24798	-0.01971	0.009865
rs7246719	24767	-0.01989	0.00987
rs139864591	24762	-0.027	0.01753
rs76557620	25000	0.004592	0.02262
rs76790231	24840	-0.02207	0.01727
rs77187590	24859	-0.02335	0.01655
rs117515571	25000	0.03342	0.03466
rs306001	24939	-0.02003	0.01528
rs117129245	25000	0.03162	0.03468
rs306000	24950	-0.01987	0.01527
rs73563309	25000	-0.01787	0.04376
rs117970885	25000	0.05069	0.03389
rs305999	24955	-0.0186	0.0162
rs305997	24993	-0.01863	0.01602
rs12608530	25000	-0.0177	0.0438
rs305996	25000	-0.02032	0.01521
rs305995	24992	-0.01863	0.01522
rs61280220	25000	-0.0177	0.0438
rs305993	24986	-0.02033	0.01617
rs73563325	25000	-0.0177	0.0438
rs305992	24971	-0.01947	0.01524
rs305991	24962	-0.01913	0.01619
rs305990	24963	-0.0193	0.01525
rs12460311	25000	-0.0177	0.0438
rs12460312	25000	-0.0112	0.04372
rs305989	24875	-0.01767	0.01529
rs112805435	24995	-0.01676	0.04388
rs305988	24926	-0.01791	0.01528
rs305987	24922	-0.01827	0.01538
rs8192784	24993	-0.01409	0.04526
rs116877675	24924	-0.01805	0.01632
rs1645690	24906	-0.01972	0.01532
rs8192786	24908	-0.02328	0.01576
rs3968433	24892	-0.02631	0.01667
rs3968432	24908	-0.02332	0.01576
rs59797417	24990	-0.01709	0.04526
rs8192789	25000	-0.01283	0.04491
rs12459709	24921	-0.02402	0.01661
rs62117407	24922	-0.02404	0.01669
rs17713907	24923	-0.02407	0.01668
rs16974961	25000	0.026	0.01597
rs9917112	24912	-0.02196	0.01683
rs10425590	24987	0.02634	0.016
rs1709081	24901	-0.01718	0.01556
rs1645694	24966	0.01419	0.03894
rs1709082	24871	-0.01831	0.01556
rs3745284	24953	-0.02444	0.04362
rs77913771	24905	-0.01624	0.01637
rs1709084	24896	-0.01661	0.01638
rs1645696	24907	-0.01675	0.01638
rs1709085	24907	-0.01675	0.01638
rs1645697	24901	-0.01673	0.01637
rs1709086	24906	-0.01733	0.01636
rs1645699	24906	-0.01733	0.01636
rs1645700	24905	-0.01049	0.01372
rs117822093	25000	0.01506	0.02234
rs1645701	24901	-0.01068	0.01371
rs1709087	24904	-0.01109	0.01371
rs1645702	24904	-0.01104	0.01371
rs1709088	24903	-0.01084	0.01371
rs1709090	24903	-0.01084	0.01371
rs1645703	24902	-0.01087	0.01371
rs1709091	24903	-0.01084	0.01371
rs62117408	24915	-0.02314	0.01674
rs62117409	24915	-0.02314	0.01674
rs1709092	24901	-0.01076	0.01371
rs1709093	24977	0.01291	0.02226
rs62117410	24915	-0.02314	0.01674
rs1645705	24901	-0.01082	0.01371
rs1709094	24901	-0.01082	0.01371
rs1709095	24900	-0.009821	0.01372
rs1645706	24889	-0.01089	0.01372
rs147681967	24978	0.01178	0.02239
rs1709096	24889	-0.01089	0.01372
rs2548791	24889	-0.01089	0.01372
rs1709097	24889	-0.01089	0.01372
rs62117411	24916	-0.02322	0.01674
rs1709098	24889	-0.01089	0.01372
rs1709099	24888	-0.01092	0.01372
rs62117412	24915	-0.02331	0.01674
rs1709100	24888	-0.01092	0.01372
rs1709101	24818	-0.006956	0.01379
rs1709102	24817	-0.006979	0.01379
rs1709103	24888	-0.01092	0.01372
rs143966617	24917	-0.02326	0.01674
rs62117414	24889	-0.01111	0.01372
rs62117415	24889	-0.01111	0.01372
rs62117416	24889	-0.01111	0.01372
rs76169728	24890	-0.01093	0.01372
rs111821801	24819	-0.007043	0.01379
rs141130590	24917	-0.02326	0.01674
rs11672375	24890	-0.01093	0.01372
rs62117419	24917	-0.02326	0.01674
rs11672359	24959	0.01205	0.02233
rs11672418	24959	0.01205	0.02233
rs9676786	24851	-0.01264	0.0132
rs149445959	24978	0.01211	0.0224
rs11672363	24964	0.01327	0.0223
rs148156967	24960	-0.02049	0.04445
rs192912405	24783	0.01079	0.02888
rs368576224	24898	-0.0184	0.0442
rs305980	24778	-0.005652	0.01384
rs12460034	24917	-0.02226	0.01674
rs305982	24776	-0.005741	0.01384
rs305983	24892	-0.009985	0.01372
rs78260438	24798	0.04157	0.04061
rs117515793	24979	0.01275	0.02238
rs305984	24893	-0.009484	0.0137
rs305985	24892	-0.009554	0.0137
rs1173262	24892	-0.009554	0.0137
rs112172767	24956	0.01635	0.02233
rs62117438	24916	-0.02136	0.01671
rs2458638	24908	-0.02118	0.01664
rs1645709	24909	-0.02115	0.01664
rs146259519	24912	-0.02132	0.01664
rs62117439	24777	-0.01815	0.00973
rs73041319	24770	-0.01263	0.01073
rs80164387	25000	-0.0006066	0.02389
rs2548792	24914	-0.02138	0.01664
rs2458636	24914	-0.02138	0.01664
rs35042115	24789	-0.01242	0.01072
rs56706715	24954	-0.01801	0.04433
rs73545042	24959	-0.02082	0.04437
rs62117441	24923	-0.02228	0.01671
rs1709112	24917	-0.02213	0.01664
rs76600499	24979	0.01275	0.02238
rs59191000	24958	-0.01803	0.04433
rs62117442	24925	-0.02212	0.01671
rs372068213	24754	-0.01649	0.01685
rs62117443	24927	-0.02222	0.01671
rs1709115	24922	-0.02285	0.01664
rs1709114	24924	-0.02288	0.01664
rs62117444	24945	-0.02216	0.0167
rs77890115	24950	-0.0219	0.0167
rs1645712	24940	-0.02249	0.01663
rs2287940	24903	-0.01587	0.01171
rs4803427	24962	-0.018	0.00968
rs28447222	24942	-0.02231	0.01663
rs79844516	24951	-0.02241	0.01669
rs62117446	24958	-0.02226	0.01668
rs184247	24936	-0.02268	0.01662
rs3833221	25000	-0.01717	0.01141
rs305968	25000	-0.01772	0.009665
rs58285195	25000	0.01479	0.02198
rs74824096	25000	0.0143	0.02197
rs57670668	25000	-0.06399	0.03963
rs12975986	24923	-0.01552	0.0117
rs305969	24982	-0.01755	0.009669
rs305970	24780	-0.01454	0.01085
rs12461035	24952	-0.01732	0.04429
rs305971	24894	-0.0111	0.01083
rs305972	24912	-0.0165	0.009771
rs12462215	24952	-0.01732	0.04429
rs148116588	24914	-0.02147	0.0168
rs141816546	24913	-0.02157	0.0168
rs117659286	24912	-0.02164	0.0168
rs113399285	24928	-0.009891	0.04139
rs563075599	24852	-0.02596	0.04424
rs76594963	24945	-0.02112	0.0445
rs189643984	24853	-0.03055	0.04419
rs58894601	24946	-0.02111	0.04449
rs139138868	24895	-0.02073	0.01667
rs118175692	24903	-0.01969	0.01681
rs73545059	24918	-0.02342	0.04512
rs12460939	24847	-0.02958	0.04446
rs73545060	24926	-0.02219	0.0453
rs73545063	24926	-0.02219	0.0453
rs11879517	24921	-0.01387	0.04543
rs11879521	24921	-0.01387	0.04543
rs141662451	24916	-0.01948	0.01683
rs59812390	24919	-0.015	0.04552
rs59797778	24921	-0.01506	0.04547
rs73545069	24919	-0.015	0.04552
rs3901000	24845	0.01616	0.02254
rs116844571	24844	0.01618	0.02255
rs73545072	24920	-0.01379	0.04547
rs149394322	24920	-0.01497	0.04552
rs146029724	24923	-0.01401	0.04543
rs7246981	25000	-0.01945	0.01692
rs147509048	24853	-0.01768	0.01694
rs202183458	24793	-0.01958	0.01695
rs117567685	24803	-0.01454	0.01697
rs111660279	25000	0.01978	0.02752
rs34516126	24840	-0.01825	0.0114
rs35586741	24853	-0.01817	0.01139
rs62117453	24956	-0.01792	0.01136
rs62119606	24955	-0.01649	0.01136
rs62119607	25000	-0.01765	0.01133
rs12974498	24803	-0.01939	0.01148
rs12975886	24777	-0.01983	0.01153
rs140379243	24908	-0.07337	0.04056
rs13382090	25000	-0.04714	0.02735
rs11673243	25000	0.02129	0.02004
rs118067262	25000	-0.0003839	0.02452
rs1645675	25000	0.002408	0.01746
rs75762823	25000	0.02564	0.02582
rs1631931	24761	0.02616	0.01364
rs1709126	24938	0.02611	0.01349
rs1423684	25000	0.02677	0.01346
rs2432219	24845	0.0272	0.01354
rs146501762	25000	0.005523	0.01364
rs56302087	24920	0.004581	0.01289
rs56377129	24928	0.004336	0.01289
rs62119611	24943	0.004415	0.01284
rs8108821	24938	0.006546	0.01287
rs8107955	25000	0.005166	0.01281
rs8108048	24980	0.004836	0.01283
rs4803435	25000	0.0003424	0.009067
rs12986151	24784	0.001818	0.009108
rs73041385	25000	0.03776	0.02405
rs67780013	24980	-0.007556	0.01554
rs62119613	25000	-0.008072	0.01553
rs200058812	24805	-0.004841	0.01597
rs186263	25000	0.02284	0.02303
rs74609651	25000	0.03208	0.02865
rs305962	24800	-0.00718	0.009202
rs305961	24978	-0.008347	0.009161
rs305960	24965	-0.008197	0.009165
rs8101139	24967	-0.02413	0.01479
rs4802109	24985	0.001493	0.009812
rs111870633	24776	-0.002019	0.02292
rs113082337	24851	0.03728	0.04114
rs141250326	24792	0.02948	0.03316
rs11671185	25000	-0.008365	0.009156
rs1709123	24992	0.001987	0.00981
rs58073287	24935	-0.02552	0.0148
rs1645683	24994	0.001704	0.009812
rs1709124	24954	-0.007393	0.009166
rs1709125	24955	-0.007389	0.009165
rs1645684	25000	0.00175	0.009811
rs58716442	24962	-0.024	0.01475
rs56942707	24958	-0.02388	0.01475
rs141181792	24953	-0.02321	0.01476
rs114346511	24881	0.01442	0.0172
rs61154238	24971	-0.0262	0.01505
rs142439534	24800	0.03257	0.02671
rs113903673	24963	-0.02903	0.01502
rs117170165	24976	-0.02752	0.01512
rs73043210	25000	-0.003688	0.03508
rs8105815	25000	-0.0289	0.015
rs4803440	25000	-0.02903	0.015
rs4803441	24999	-0.02921	0.015
rs148906328	24881	0.01387	0.01721
rs4803442	25000	-0.02926	0.015
rs201546315	24902	-0.02896	0.0151
rs200615875	24928	-0.02779	0.01506
rs141593796	24880	0.01399	0.01721
rs57837550	24940	-0.02145	0.01467
rs115810579	24904	0.02128	0.01835
rs4802110	24858	-0.01954	0.01477
rs78144186	25000	0.01411	0.03124
rs4803443	24804	-0.01891	0.01482
rs8100794	24802	-0.02121	0.01479
rs76980733	25000	0.021	0.01814
rs78667589	24750	-0.01801	0.01487
rs71358971	25000	-0.01225	0.01317
rs12977498	25000	0.003654	0.009908
rs111286228	24915	-0.009577	0.01646
rs112244993	24929	-0.0104	0.01626
rs73547098	24929	-0.01054	0.01627
rs113488648	24957	-0.01231	0.01635
rs57039687	25000	-0.001147	0.0143
rs60750940	24997	-0.001524	0.01431
rs73548705	24996	-0.001932	0.01431
rs55815864	24983	-0.0003069	0.01432
rs73548710	24964	-0.0004682	0.01434
rs73548713	24942	-0.01129	0.01631
rs76675671	24922	0.03336	0.02781
rs8107195	24890	-1.788e-05	0.0144
rs112582405	24915	-0.01123	0.01649
rs557847392	24915	0.0008369	0.01435
rs8110816	24882	0.0002401	0.01441
rs8110102	24886	0.0007189	0.01441
rs8110152	24926	0.001728	0.01434
rs145214542	24900	0.0008881	0.01436
rs111975518	24882	0.001005	0.01438
rs113319127	24914	0.003327	0.01437
rs4803444	24925	0.0113	0.009954
rs79914447	24919	0.002906	0.01437
rs79227240	24929	0.03466	0.02794
rs12971587	25000	0.01513	0.01182
rs59605996	24922	0.001352	0.01436
rs8108145	24885	-0.001637	0.01441
rs8111094	24864	-0.001313	0.01444
rs56336263	24895	0.03177	0.02821
rs57833788	25000	-0.01137	0.01627
rs74944858	25000	0.0146	0.02612
rs73043229	25000	-0.0172	0.03282
rs73931441	24755	0.03205	0.02927
rs8192793	25000	0.006578	0.01269
rs338600	25000	0.005085	0.009794
rs117216419	25000	0.003987	0.03052
rs338599	25000	-0.00547	0.02388
rs147378765	25000	-0.008318	0.02818
rs57266494	25000	0.004187	0.021
rs184623	25000	-0.00142	0.009426
rs145259522	24810	0.06134	0.03921
rs338587	24944	0.007268	0.009186
rs338586	25000	0.0075	0.009176
rs338585	24970	0.007099	0.009179
rs34971233	25000	0.03227	0.03079
rs117353963	24808	0.05096	0.03474
rs12611109	24773	-0.006372	0.01122
rs338582	24753	-0.003182	0.00914
rs10403675	24869	-0.001934	0.009127
rs12973802	24813	-0.006687	0.0112
rs35024318	24970	-0.002287	0.0091
rs168109	25000	-0.001897	0.009099
rs338581	24972	-0.002173	0.009102
rs338580	24969	-0.002061	0.009103
rs7254545	24852	-0.003206	0.009117
rs10419231	24847	-0.003119	0.009118
rs12984631	24894	0.007578	0.009922
rs8101985	24916	0.007827	0.009894
rs1709139	24825	0.006866	0.00983
rs35056590	24972	-0.006735	0.01115
rs34624013	24981	-0.003784	0.01112
rs3097901	24830	0.00753	0.009829
rs116937344	25000	-0.05239	0.0254
rs1709078	24842	0.007668	0.009826
rs12611144	24997	-0.00327	0.01111
rs16975079	25000	0.01943	0.03058
rs62120960	25000	-0.00395	0.0111
rs1709104	24938	0.00772	0.009888
rs8107802	24817	0.01729	0.0105
rs189585208	24804	0.03952	0.03969
rs1654648	25000	0.009718	0.009115
rs1709122	24869	0.008794	0.009137
rs78092675	25000	0.03268	0.02708
rs2271546	25000	0.01006	0.01334
rs143714364	24863	-0.02713	0.03463
rs12985841	25000	-0.001357	0.02914
rs6508974	25000	0.01128	0.009073
rs4802111	24812	0.01097	0.009089
rs4803448	24761	0.01106	0.009096
rs12979764	24747	0.01122	0.009097
rs111463247	24886	0.01258	0.04222
rs74388568	24939	-0.02335	0.02178
rs75242197	24877	-0.02569	0.02193
rs77142490	24989	-0.03835	0.04437
rs75955910	25000	-0.009273	0.01443
rs7246896	25000	-0.0281	0.01983
rs73043294	24993	-0.026	0.01985
rs191007865	24866	0.06983	0.04005
rs80197793	24987	-0.03576	0.04425
rs56266222	24983	-0.0233	0.02206
rs140903477	24822	0.007867	0.03635
rs74710594	24981	-0.03342	0.04389
rs79755890	24988	-0.03285	0.04425
rs113296064	24988	-0.03365	0.04429
rs75088429	24989	-0.03287	0.04425
rs76117607	24989	-0.03056	0.04421
rs76715647	24988	-0.02828	0.04421
rs3826715	24988	-0.02828	0.04421
rs137991784	24761	-0.008215	0.01376
rs151013801	24861	0.04785	0.04082
rs11882467	24780	0.01173	0.009949
rs111672370	24868	0.05859	0.04057
rs11880729	24833	0.0257	0.01259
rs34772093	24973	0.004067	0.02291
rs139833223	24938	-0.006996	0.01379
rs12978323	25000	0.01163	0.009987
rs17251589	24942	-0.006491	0.0138
rs12977563	24950	0.02527	0.01261
rs144025261	24948	-0.005857	0.0138
rs12459996	24956	-0.006085	0.0138
rs150097325	24799	-0.03193	0.03508
rs11879429	24978	0.02618	0.01258
rs11879435	24978	0.02618	0.01258
rs55994820	24989	-0.0058	0.01379
rs73045223	24991	-0.005809	0.01379
rs7250883	24979	0.01306	0.01016
rs73045226	25000	-0.005843	0.01378
rs117941544	24793	-0.01974	0.03563
rs2304232	24989	0.02704	0.01266
rs2304231	24986	0.0261	0.01266
rs76524135	24996	-0.0188	0.04311
rs141726434	24968	0.03066	0.04063
rs12461203	24986	-0.006219	0.01379
rs35546772	25000	5.652e-05	0.02277
rs12980267	24984	0.01329	0.01017
rs4591267	25000	0.02652	0.01266
rs73045231	24985	-0.006193	0.01379
rs1051008	24994	-0.01884	0.04311
rs1946613	24999	0.02589	0.01266
rs1946612	24983	0.01328	0.01017
rs3760660	24979	0.02665	0.01268
rs3760659	24972	0.01346	0.01017
rs12975585	24774	0.01288	0.009312
rs12983339	25000	0.01621	0.01003
rs3816052	24931	0.02319	0.01246
rs2304230	24938	0.02373	0.01246
rs10410836	24930	0.02318	0.01246
rs17251791	24869	-0.01318	0.01972
rs12972949	24848	0.01853	0.01309
rs117822609	24932	-0.009683	0.02178
rs66724427	24939	0.02394	0.01246
rs149293272	24820	0.01153	0.01802
rs77372279	25000	-0.006793	0.02147
rs118189401	24858	0.009851	0.03924
rs147168311	24767	-0.1151	0.04101
rs113299999	24916	0.01383	0.01573
rs112335177	24877	0.05696	0.04023
rs8103839	24952	0.02411	0.0125
rs112840353	24911	0.01226	0.01573
rs77612505	24879	0.0512	0.03737
rs116908902	24824	0.01766	0.034
rs3745295	24930	0.02387	0.01246
rs7256416	24940	0.0241	0.01246
rs7257583	24932	0.02355	0.01246
rs7257825	24876	0.02371	0.01252
rs7256856	24941	0.02413	0.01246
rs12971430	24875	0.04626	0.03745
rs35812313	24966	0.02444	0.01251
rs67744888	24966	0.02444	0.01251
rs12973073	24897	0.02164	0.01249
rs8105901	24950	0.02594	0.01253
rs12975920	24898	0.01948	0.01062
rs113305393	24944	0.005513	0.01681
rs113244942	24937	0.01346	0.0157
rs73045245	24859	-0.01334	0.01974
rs77658816	24856	0.02776	0.01522
rs12327659	24950	0.02389	0.01246
rs10421990	24944	0.02342	0.01246
rs112830426	24974	0.005353	0.01675
rs3752705	24953	0.02391	0.01246
rs12974420	24978	0.02429	0.0125
rs2053086	24979	0.02432	0.0125
rs12976536	24980	0.02434	0.0125
rs12985339	25000	0.02368	0.01249
rs117699060	24839	0.008468	0.03378
rs76082241	24989	0.004706	0.01673
rs12980480	24976	0.02338	0.01245
rs11879562	24976	0.02338	0.01245
rs142566470	24857	-0.005584	0.03624
rs7258749	24976	0.02339	0.01245
rs13345456	25000	0.02055	0.0104
rs12974323	24974	0.02332	0.01245
rs77856552	24993	0.005024	0.01673
rs7248164	24967	0.023	0.01244
rs111403605	25000	-0.022	0.02696
rs11881953	24997	0.02388	0.01249
rs11881940	24997	0.02388	0.01249
rs143714445	24989	0.03145	0.04023
rs1056854	24819	0.02631	0.01248
rs117575156	24868	-0.009478	0.0412
rs7245398	24955	0.02354	0.01206
rs12972266	24966	0.0248	0.01211
rs73045256	24816	0.005135	0.01974
rs79989978	25000	0.005431	0.01672
rs10826	24845	-0.02646	0.02249
rs15052	24892	-0.0005119	0.01179
rs35247140	24811	0.0898	0.03429
rs4456618	24951	0.02465	0.01207
rs1865053	24943	0.02435	0.01207
rs113048718	24885	0.0575	0.03999
rs12984160	24970	0.02539	0.01211
rs34945449	24964	0.02538	0.01204
rs12980839	24984	0.02293	0.01022
rs80079695	24973	0.0119	0.01564
rs8109627	25000	0.023	0.01022
rs8109167	24966	0.02445	0.01204
rs35501756	24996	0.02521	0.01208
rs34322801	24999	0.02585	0.01207
rs1865052	24979	0.02533	0.01204
rs79366001	24983	0.01254	0.01564
rs1865051	24979	0.02478	0.01202
rs16958994	24969	0.02508	0.01204
rs16958996	24972	0.02506	0.01204
rs67511749	24938	0.02565	0.01204
rs16958999	24977	0.02542	0.01204
rs73045269	25000	0.001234	0.01198
rs3826714	24978	0.02534	0.01204
rs56254331	24983	0.0005823	0.012
rs34075897	24965	0.02498	0.01204
rs7257310	24976	0.02528	0.01204
rs7257742	24976	0.02528	0.01204
rs2241720	24986	0.02574	0.01207
rs2241719	24997	0.02568	0.01207
rs2241718	25000	0.02619	0.01207
rs6957	24961	0.02594	0.01205
rs75176073	24996	0.02966	0.04002
rs11880564	24959	0.02569	0.0121
rs12985162	24909	0.02551	0.01213
rs12980298	24787	0.02007	0.01259
rs12980942	24820	0.02	0.01264
rs12981053	24807	0.01888	0.01264
rs73045282	25000	0.00959	0.018
rs61459202	24797	0.01868	0.01265
rs12983047	24765	0.01766	0.01261
rs569987314	24773	0.02446	0.04016
rs11466353	25000	0.006147	0.01752
rs8110090	25000	0.00708	0.02055
rs1800472	25000	-0.01314	0.03092
rs11466328	25000	0.01838	0.02926
rs8102501	24977	0.029	0.01663
rs146652543	24772	0.03867	0.04022
rs145884172	24821	-0.0008263	0.03256
rs148292179	24959	0.03106	0.03094
rs11466321	24986	0.03077	0.01665
rs111403414	25000	-0.0525	0.02392
rs2241715	24877	-0.007618	0.009975
rs12462166	24868	-0.007639	0.009978
rs12983775	24875	-0.007393	0.009976
rs1800471	25000	0.03008	0.0166
rs1800470	24940	0.004761	0.009379
rs1799753	24995	0.03077	0.01663
rs1800469	24964	-0.00651	0.009953
rs11466313	24977	-0.006517	0.00995
rs4803457	25000	0.003964	0.00935
rs2317130	24965	-0.006037	0.009917
rs11466310	25000	0.006284	0.02896
rs11666933	24942	0.0009749	0.009335
rs11668109	24943	-0.005406	0.009941
rs73931466	24945	0.02992	0.01663
rs1982072	24952	-0.006131	0.009956
rs11670143	24939	0.004805	0.009368
rs117246752	24784	0.005036	0.01949
rs112489472	24953	0.02968	0.01666
rs4803458	24954	-0.006007	0.009956
rs144859514	24804	7.973e-05	0.03565
rs58479032	24950	0.0298	0.01666
rs11083616	24934	0.004524	0.009378
rs117031209	25000	0.02506	0.03018
rs11083617	24910	0.005347	0.009379
rs112293892	24915	-0.06068	0.02443
rs111840944	24943	0.03075	0.01668
rs149039336	24954	0.03056	0.01664
rs79033882	25000	-0.02696	0.02854
rs2241714	25000	-0.005905	0.009898
rs2241713	24908	0.007138	0.009338
rs3217387	24848	-0.005016	0.009901
rs2241712	24988	-0.00591	0.0099
rs75611450	24953	0.03261	0.01663
rs1549933	24989	-0.005562	0.009901
rs1025497	24934	0.005457	0.009348
rs1963413	24863	0.005417	0.009358
rs58921598	24931	0.03304	0.01669
rs55826925	24930	0.03328	0.0167
rs9797885	24870	-0.005681	0.009935
rs73047217	24817	0.0403	0.03719
rs544669110	24933	-0.01175	0.04235
rs8106934	24928	0.03291	0.01664
rs8106870	24926	0.0336	0.01665
rs8106999	24929	0.03448	0.01667
rs73047219	24923	0.03318	0.01664
rs4803459	24787	-0.004752	0.01009
rs112030491	24882	0.03297	0.01669
rs73047220	24790	0.04724	0.03747
rs8108357	24813	0.003274	0.009362
rs73047224	25000	0.009651	0.01896
rs34503210	24806	0.002903	0.009371
rs7260340	24838	0.003744	0.009364
rs9710214	24821	0.003979	0.009366
rs11670739	24865	0.004028	0.009356
rs190540310	24809	0.01852	0.03459
rs1046909	25000	0.003682	0.009326
rs1529717	25000	0.008185	0.009336
rs145155810	24787	0.06212	0.03937
rs112708650	25000	-0.03149	0.02452
rs149579123	24783	0.05954	0.03892
rs139581508	24885	0.004739	0.03454
rs117360154	24791	0.04249	0.03015
rs149687121	24818	0.03709	0.04168
rs181037925	24922	0.07309	0.04506
rs769887785	25000	-0.007806	0.01276
rs142996134	24873	-0.02155	0.03387
rs7247332	24770	0.008912	0.009281
rs141858710	24888	-0.06297	0.02603
rs8105833	24811	0.009484	0.009262
rs749147328	24870	0.009297	0.009248
rs878082	24939	0.008715	0.009245
rs878083	24946	0.008304	0.009251
rs11667908	24987	0.0073	0.009236
rs11667848	24987	0.0073	0.009236
rs62117461	24975	0.00704	0.009237
rs111867059	24948	-0.005903	0.01303
rs62117462	24970	0.00753	0.00923
rs11668924	24988	0.007271	0.009237
rs10422956	24993	0.006894	0.009234
rs145693270	24904	0.02418	0.04034
rs10417311	25000	0.007033	0.009233
rs11083618	24985	0.00743	0.009226
rs10417997	24983	0.007264	0.009227
rs760659144	24929	0.007677	0.00923
rs10853751	25000	0.006919	0.009233
rs112381655	24901	-0.06041	0.02602
rs141003824	24840	-0.03256	0.0306
rs12983789	24950	0.007531	0.009426
rs892044	24989	0.006758	0.009234
rs892043	25000	-0.005613	0.02268
rs45500792	25000	-0.004436	0.01278
rs34541442	24912	0.03496	0.03979
rs3810174	24986	0.006849	0.009236
rs117069153	24885	0.008487	0.03453
rs3810175	24999	0.006921	0.009235
rs4802116	24988	0.006646	0.009235
rs10420556	24994	0.006845	0.009235
rs12980966	24994	0.006845	0.009235
rs10422783	24994	0.006845	0.009235
rs532336492	24973	0.006095	0.009239
rs10408639	24981	-0.006426	0.02263
rs4803461	24915	0.006739	0.009239
rs4803462	24859	0.007807	0.009256
rs6508977	24974	0.005854	0.009256
rs11672345	25000	0.004249	0.02926
rs7258973	24982	0.005856	0.009255
rs4802117	24962	0.006072	0.009246
rs4803463	24973	0.006039	0.009256
rs2241711	24984	0.006308	0.009256
rs2241710	24984	0.006308	0.009256
rs2241709	24962	0.006498	0.009248
rs2241708	24957	0.00672	0.009248
rs2241707	24976	0.006089	0.009256
rs2241706	24988	0.006225	0.009254
rs11083619	24989	0.006185	0.009255
rs11670725	24951	0.007267	0.009246
rs11670757	24973	0.006419	0.009247
rs144287648	24899	-0.005	0.0315
rs769791502	24982	0.005843	0.009255
rs10416743	24888	0.00884	0.009194
rs138842376	24780	0.05717	0.04313
rs11549936	25000	-0.005507	0.01301
rs11879090	24896	-0.0008761	0.009124
rs3217386	24975	0.006249	0.009259
rs2288871	24972	0.006121	0.00925
rs3816037	24972	0.006247	0.009249
rs4803464	25000	0.008071	0.00939
rs4803465	24970	0.005892	0.009258
rs530972813	24956	0.00649	0.009251
rs12709849	24973	0.006208	0.00925
rs11880539	24975	0.006765	0.009247
rs3213861	24973	0.005917	0.009262
rs3213860	24971	0.006002	0.009262
rs11670583	24947	0.00561	0.00927
rs11670668	24946	0.005613	0.00927
rs10409485	24938	0.005605	0.009274
rs10413735	24938	0.005605	0.009274
rs1967334	24929	0.005684	0.009277
rs4803467	24938	0.005559	0.009274
rs4802118	24928	0.006028	0.009265
rs4803468	24938	0.005605	0.009274
rs12982607	24938	0.005605	0.009274
rs4803469	24934	0.005732	0.009274
rs1967333	24924	0.006155	0.009264
rs1473248	24934	0.005732	0.009274
rs11883104	24938	0.005605	0.009274
rs284647	24808	-0.0231	0.01617
rs166925	24934	0.005602	0.009276
rs284648	24936	0.005516	0.009275
rs284649	24936	0.005516	0.009275
rs284650	24935	0.005506	0.009275
rs3214612	24930	0.005556	0.009278
rs11437195	24931	0.005688	0.009277
rs284651	24936	0.005542	0.009274
rs284652	24937	0.005573	0.009274
rs284653	24851	-0.0006504	0.00914
rs284654	24933	0.005716	0.009273
rs284655	24937	0.005573	0.009274
rs3217385	24919	0.005514	0.009282
rs284656	24937	0.005573	0.009274
rs284657	24926	0.006094	0.009262
rs284658	24922	0.006106	0.009264
rs4674	24921	0.005425	0.009279
rs140867211	24836	0.09071	0.04476
rs45563938	24965	-0.003052	0.01288
rs284660	24909	0.003343	0.009271
rs284661	24984	0.004392	0.009264
rs284662	25000	0.001995	0.009309
rs284663	25000	0.003303	0.009272
rs45491295	25000	-0.005111	0.01287
rs117273240	25000	0.04354	0.02786
rs2569400	24983	0.004397	0.009264
rs2569754	24994	0.003546	0.009274
rs17318596	25000	0.007593	0.00938
rs2231943	25000	-0.02402	0.03086
rs147501833	24907	0.05048	0.04063
rs67047091	24987	0.003282	0.009275
rs1043413	25000	0.004282	0.009261
rs55986560	24974	0.002435	0.009235
rs58961854	24972	0.002713	0.009236
rs17318666	24976	0.001693	0.009246
rs189984086	24862	0.008212	0.04029
rs2231942	25000	-0.02476	0.02412
rs2304243	24988	0.002526	0.009228
rs9304593	24988	0.002485	0.009229
rs10432268	24985	0.002544	0.009229
rs2231940	25000	0.002057	0.00923
rs2304242	24987	0.001742	0.009239
rs67143065	24990	0.002316	0.009228
rs60781668	24957	0.002394	0.009231
rs16975238	24987	0.002714	0.00923
rs13346603	24929	0.003415	0.009245
rs13344547	24921	0.003617	0.009246
rs13344563	24943	0.003036	0.009236
rs7260507	25000	-0.01869	0.009115
rs7260605	25000	-0.02135	0.009048
rs59910131	25000	-0.03644	0.02722
rs17265865	25000	-0.0314	0.01727
rs3745285	24740	0.00222	0.01601
rs28571166	24992	-0.03025	0.02758
rs28429750	24992	-0.03025	0.02758
rs117146744	24991	-0.03032	0.02758
rs142126794	24980	-0.03131	0.02754
rs10404805	24975	-0.03082	0.02756
rs10407348	25000	-0.004591	0.01222
rs77170645	24990	-0.03034	0.02758
rs57313046	24936	0.005933	0.01321
rs10409393	24931	-0.004752	0.01228
rs75197936	24856	-0.001735	0.01324
rs77284436	24854	0.001817	0.01338
rs117379732	25000	-0.007276	0.02343
rs139948624	24900	-0.02105	0.03101
rs10403039	24931	-0.03467	0.0281
rs10409613	24931	-0.03467	0.0281
rs10424987	24910	-0.03732	0.02817
rs147722112	24864	-0.02849	0.03273
rs10406791	24918	-0.03949	0.02827
rs78519520	24915	-0.03802	0.02829
rs73049162	25000	-0.01089	0.02748
rs75870800	24893	-0.01008	0.03576
rs73931499	24893	-0.03331	0.0282
rs10414619	24913	-0.03701	0.02831
rs10416243	24865	-0.03422	0.02812
rs73931500	24856	-0.03453	0.02838
rs10411477	24828	-0.03127	0.02849
rs10418800	24842	-0.03516	0.0286
rs75968818	24813	-0.01456	0.02571
rs112866108	24746	-0.002666	0.0365
rs141584159	24812	-0.03068	0.03295
rs149584027	24855	-0.06291	0.03605
rs11672691	25000	-0.01758	0.0104
rs887391	24942	-0.01471	0.01077
rs887392	24797	-0.009069	0.01162
rs11673591	24946	-0.01798	0.01038
rs2079811	24925	-0.01851	0.01038
rs117788287	24951	-0.03286	0.02902
rs2316974	24767	-0.01879	0.01043
rs10407869	25000	-0.02446	0.02434
rs10408516	24971	-0.0279	0.02458
rs74428318	24763	0.009282	0.0387
rs118014257	24854	-0.02798	0.02449
rs61005330	24834	-0.03134	0.02429
rs57766816	24752	0.02274	0.02933
rs117151468	25000	-0.01556	0.0203
rs141196676	24930	-0.01699	0.04331
rs113318216	24793	-0.03011	0.02459
